  n        t          u^n          v^n      u^(n+1)      v^(n+1)           y(t)        error
  0   0.0000     0.010000     1.000000     0.034687     0.975285       0.010000 0.000000e+00
  1   0.0250     0.034687     0.975285     0.058764     0.951149       0.032958 1.728923e-03
  2   0.0500     0.058764     0.951149     0.082245     0.927580       0.051293 7.471280e-03
  3   0.0750     0.082245     0.927580     0.105143     0.904565       0.064475 1.776965e-02
  4   0.1000     0.105143     0.904565     0.127473     0.882089       0.072340 3.280307e-02
  5   0.1250     0.127473     0.882089     0.149247     0.860142       0.075053 5.242009e-02
  6   0.1500     0.149247     0.860142     0.170480     0.838709       0.073060 7.618721e-02
  7   0.1750     0.170480     0.838709     0.191183     0.817780       0.067032 1.034481e-01
  8   0.2000     0.191183     0.817780     0.211369     0.797342       0.057794 1.333890e-01
  9   0.2250     0.211369     0.797342     0.231050     0.777384       0.046264 1.651052e-01
 10   0.2500     0.231050     0.777384     0.250238     0.757895       0.033384 1.976656e-01
 11   0.2750     0.250238     0.757895     0.268945     0.738864       0.020067 2.301709e-01
 12   0.3000     0.268945     0.738864     0.287181     0.720280       0.007142 2.618027e-01
 13   0.3250     0.287181     0.720280     0.304959     0.702132      -0.004682 2.918631e-01
 14   0.3500     0.304959     0.702132     0.322288     0.684411      -0.014843 3.198014e-01
 15   0.3750     0.322288     0.684411     0.339179     0.667106      -0.022942 3.452299e-01
 16   0.4000     0.339179     0.667106     0.355643     0.650208      -0.028749 3.679281e-01
 17   0.4250     0.355643     0.650208     0.371689     0.633707      -0.032193 3.878362e-01
 18   0.4500     0.371689     0.633707     0.387328     0.617593      -0.033351 4.050406e-01
 19   0.4750     0.387328     0.617593     0.402569     0.601859      -0.032424 4.197521e-01
 20   0.5000     0.402569     0.601859     0.417421     0.586494      -0.029710 4.322794e-01
 21   0.5250     0.417421     0.586494     0.431894     0.571491      -0.025579 4.430004e-01
 22   0.5500     0.431894     0.571491     0.445995     0.556840      -0.020439 4.523323e-01
 23   0.5750     0.445995     0.556840     0.459736     0.542534      -0.014707 4.607030e-01
 24   0.6000     0.459736     0.542534     0.473122     0.528564      -0.008790 4.685256e-01
 25   0.6250     0.473122     0.528564     0.486164     0.514923      -0.003054 4.761764e-01
 26   0.6500     0.486164     0.514923     0.498868     0.501602       0.002186 4.839776e-01
 27   0.6750     0.498868     0.501602     0.511244     0.488595       0.006683 4.921853e-01
 28   0.7000     0.511244     0.488595     0.523298     0.475894       0.010261 5.009830e-01
 29   0.7250     0.523298     0.475894     0.535038     0.463492       0.012818 5.104795e-01
 30   0.7500     0.535038     0.463492     0.546473     0.451382       0.014326 5.207119e-01
 31   0.7750     0.546473     0.451382     0.557607     0.439557       0.014820 5.316526e-01
 32   0.8000     0.557607     0.439557     0.568450     0.428010       0.014389 5.432182e-01
 33   0.8250     0.568450     0.428010     0.579008     0.416736       0.013168 5.552821e-01
 34   0.8500     0.579008     0.416736     0.589287     0.405726       0.011321 5.676870e-01
 35   0.8750     0.589287     0.405726     0.599294     0.394976       0.009029 5.802579e-01
 36   0.9000     0.599294     0.394976     0.609036     0.384479       0.006479 5.928153e-01
 37   0.9250     0.609036     0.384479     0.618518     0.374230       0.003850 6.051862e-01
 38   0.9500     0.618518     0.374230     0.627747     0.364221       0.001304 6.172138e-01
 39   0.9750     0.627747     0.364221     0.636729     0.354449      -0.001018 6.287654e-01
 40   1.0000     0.636729     0.354449     0.645470     0.344907      -0.003008 6.397374e-01
 41   1.0250     0.645470     0.344907     0.653975     0.335590      -0.004589 6.500583e-01
 42   1.0500     0.653975     0.335590     0.662249     0.326493      -0.005715 6.596896e-01
 43   1.0750     0.662249     0.326493     0.670299     0.317610      -0.006375 6.686244e-01
 44   1.1000     0.670299     0.317610     0.678130     0.308937      -0.006585 6.768843e-01
 45   1.1250     0.678130     0.308937     0.685746     0.300468      -0.006386 6.845152e-01
 46   1.1500     0.685746     0.300468     0.693153     0.292199      -0.005836 6.915821e-01
 47   1.1750     0.693153     0.292199     0.700356     0.284125      -0.005010 6.981633e-01
 48   1.2000     0.700356     0.284125     0.707359     0.276242      -0.003989 7.043444e-01
 49   1.2250     0.707359     0.276242     0.714168     0.268545      -0.002854 7.102130e-01
 50   1.2500     0.714168     0.268545     0.720786     0.261029      -0.001686 7.158535e-01
 51   1.2750     0.720786     0.261029     0.727219     0.253691      -0.000556 7.213425e-01
 52   1.3000     0.727219     0.253691     0.733471     0.246527       0.000473 7.267462e-01
 53   1.3250     0.733471     0.246527     0.739546     0.239531       0.001354 7.321172e-01
 54   1.3500     0.739546     0.239531     0.745447     0.232701       0.002052 7.374938e-01
 55   1.3750     0.745447     0.232701     0.751181     0.226033       0.002548 7.428995e-01
 56   1.4000     0.751181     0.226033     0.756749     0.219522       0.002837 7.483438e-01
 57   1.4250     0.756749     0.219522     0.762157     0.213165       0.002926 7.538231e-01
 58   1.4500     0.762157     0.213165     0.767407     0.206958       0.002834 7.593230e-01
 59   1.4750     0.767407     0.206958     0.772505     0.200898       0.002587 7.648207e-01
 60   1.5000     0.772505     0.200898     0.777452     0.194982       0.002217 7.702873e-01
 61   1.5250     0.777452     0.194982     0.782254     0.189206       0.001762 7.756903e-01
 62   1.5500     0.782254     0.189206     0.786912     0.183566       0.001257 7.809967e-01
 63   1.5750     0.786912     0.183566     0.791432     0.178060       0.000738 7.861745e-01
 64   1.6000     0.791432     0.178060     0.795815     0.172684       0.000237 7.911952e-01
 65   1.6250     0.795815     0.172684     0.800066     0.167436      -0.000219 7.960348e-01
 66   1.6500     0.800066     0.167436     0.804187     0.162312      -0.000609 8.006753e-01
 67   1.6750     0.804187     0.162312     0.808182     0.157310      -0.000917 8.051046e-01
 68   1.7000     0.808182     0.157310     0.812053     0.152426      -0.001136 8.093176e-01
 69   1.7250     0.812053     0.152426     0.815803     0.147659      -0.001262 8.133150e-01
 70   1.7500     0.815803     0.147659     0.819436     0.143004      -0.001300 8.171031e-01
 71   1.7750     0.819436     0.143004     0.822953     0.138460      -0.001257 8.206931e-01
 72   1.8000     0.822953     0.138460     0.826359     0.134024      -0.001146 8.240995e-01
 73   1.8250     0.826359     0.134024     0.829654     0.129693      -0.000981 8.273398e-01
 74   1.8500     0.829654     0.129693     0.832843     0.125465      -0.000778 8.304326e-01
 75   1.8750     0.832843     0.125465     0.835928     0.121338      -0.000554 8.333968e-01
 76   1.9000     0.835928     0.121338     0.838910     0.117308      -0.000323 8.362506e-01
 77   1.9250     0.838910     0.117308     0.841793     0.113375      -0.000101 8.390107e-01
 78   1.9500     0.841793     0.113375     0.844579     0.109535       0.000102 8.416915e-01
 79   1.9750     0.844579     0.109535     0.847270     0.105787       0.000274 8.443048e-01
