  n        t          u^n          v^n      u^(n+1)      v^(n+1)           y(t)        error
  0   0.0000     0.010000     1.000000     0.058749     0.951163       0.010000 0.000000e+00
  1   0.0500     0.058749     0.951163     0.105115     0.904591       0.051293 7.456516e-03
  2   0.1000     0.105115     0.904591     0.149207     0.860180       0.072340 3.277491e-02
  3   0.1500     0.149207     0.860180     0.191132     0.817828       0.073060 7.614693e-02
  4   0.2000     0.191132     0.817828     0.230989     0.777442       0.057794 1.333378e-01
  5   0.2500     0.230989     0.777442     0.268875     0.738930       0.033384 1.976045e-01
  6   0.3000     0.268875     0.738930     0.304881     0.702206       0.007142 2.617328e-01
  7   0.3500     0.304881     0.702206     0.339094     0.667186      -0.014843 3.197236e-01
  8   0.4000     0.339094     0.667186     0.371598     0.633793      -0.028749 3.678433e-01
  9   0.4500     0.371598     0.633793     0.402473     0.601950      -0.033351 4.049497e-01
 10   0.5000     0.402473     0.601950     0.431792     0.571586      -0.029710 4.321830e-01
 11   0.5500     0.431792     0.571586     0.459630     0.542633      -0.020439 4.522311e-01
 12   0.6000     0.459630     0.542633     0.486055     0.515026      -0.008790 4.684204e-01
 13   0.6500     0.486055     0.515026     0.511132     0.488701       0.002186 4.838689e-01
 14   0.7000     0.511132     0.488701     0.534924     0.463601       0.010261 5.008713e-01
 15   0.7500     0.534924     0.463601     0.557491     0.439667       0.014326 5.205978e-01
 16   0.8000     0.557491     0.439667     0.578890     0.416847       0.014389 5.431021e-01
 17   0.8500     0.578890     0.416847     0.599175     0.395089       0.011321 5.675693e-01
 18   0.9000     0.599175     0.395089     0.618399     0.374343       0.006479 5.926965e-01
 19   0.9500     0.618399     0.374343     0.636609     0.354563       0.001304 6.170942e-01
 20   1.0000     0.636609     0.354563     0.653854     0.335704      -0.003008 6.396173e-01
 21   1.0500     0.653854     0.335704     0.670179     0.317724      -0.005715 6.595694e-01
 22   1.1000     0.670179     0.317724     0.685626     0.300581      -0.006585 6.767642e-01
 23   1.1500     0.685626     0.300581     0.700237     0.284238      -0.005836 6.914623e-01
 24   1.2000     0.700237     0.284238     0.714049     0.268657      -0.003989 7.042252e-01
 25   1.2500     0.714049     0.268657     0.727102     0.253802      -0.001686 7.157351e-01
 26   1.3000     0.727102     0.253802     0.739429     0.239641       0.000473 7.266287e-01
 27   1.3500     0.739429     0.239641     0.751066     0.226142       0.002052 7.373774e-01
 28   1.4000     0.751066     0.226142     0.762043     0.213272       0.002837 7.482287e-01
 29   1.4500     0.762043     0.213272     0.772392     0.201004       0.002834 7.592094e-01
 30   1.5000     0.772392     0.201004     0.782143     0.189310       0.002217 7.701751e-01
 31   1.5500     0.782143     0.189310     0.791323     0.178163       0.001257 7.808862e-01
 32   1.6000     0.791323     0.178163     0.799959     0.167538       0.000237 7.910864e-01
 33   1.6500     0.799959     0.167538     0.808077     0.157410      -0.000609 8.005682e-01
 34   1.7000     0.808077     0.157410     0.815700     0.147757      -0.001136 8.092125e-01
 35   1.7500     0.815700     0.147757     0.822852     0.138556      -0.001300 8.169999e-01
 36   1.8000     0.822852     0.138556     0.829555     0.129787      -0.001146 8.239983e-01
 37   1.8500     0.829555     0.129787     0.835830     0.121430      -0.000778 8.303334e-01
 38   1.9000     0.835830     0.121430     0.841698     0.113465      -0.000323 8.361534e-01
 39   1.9500     0.841698     0.113465     0.847177     0.105875       0.000102 8.415963e-01
