  n        t          u^n          v^n      u^(n+1)      v^(n+1)           y(t)        error
  0   0.0000     0.010000     1.000000     0.035000     0.974988       0.010000 0.000000e+00
  1   0.0250     0.035000     0.974988     0.059375     0.950569       0.032958 2.041579e-03
  2   0.0500     0.059375     0.950569     0.083139     0.926731       0.051293 8.081829e-03
  3   0.0750     0.083139     0.926731     0.106307     0.903458       0.064475 1.866385e-02
  4   0.1000     0.106307     0.903458     0.128894     0.880739       0.072340 3.396718e-02
  5   0.1250     0.128894     0.880739     0.150912     0.858559       0.075053 5.384087e-02
  6   0.1500     0.150912     0.858559     0.172376     0.836907       0.073060 7.785188e-02
  7   0.1750     0.172376     0.836907     0.193299     0.815769       0.067032 1.053444e-01
  8   0.2000     0.193299     0.815769     0.213693     0.795133       0.057794 1.355049e-01
  9   0.2250     0.213693     0.795133     0.233571     0.774987       0.046264 1.674294e-01
 10   0.2500     0.233571     0.774987     0.252946     0.755321       0.033384 2.001871e-01
 11   0.2750     0.252946     0.755321     0.271829     0.736122       0.020067 2.328789e-01
 12   0.3000     0.271829     0.736122     0.290232     0.717379       0.007142 2.646871e-01
 13   0.3250     0.290232     0.717379     0.308167     0.699082      -0.004682 2.949140e-01
 14   0.3500     0.308167     0.699082     0.325644     0.681219      -0.014843 3.230094e-01
 15   0.3750     0.325644     0.681219     0.342674     0.663782      -0.022942 3.485859e-01
 16   0.4000     0.342674     0.663782     0.359269     0.646759      -0.028749 3.714232e-01
 17   0.4250     0.359269     0.646759     0.375438     0.630141      -0.032193 3.914620e-01
 18   0.4500     0.375438     0.630141     0.391191     0.613918      -0.033351 4.087889e-01
 19   0.4750     0.391191     0.613918     0.406539     0.598081      -0.032424 4.236150e-01
 20   0.5000     0.406539     0.598081     0.421491     0.582621      -0.029710 4.362495e-01
 21   0.5250     0.421491     0.582621     0.436057     0.567528      -0.025579 4.470704e-01
 22   0.5500     0.436057     0.567528     0.450245     0.552795      -0.020439 4.564953e-01
 23   0.5750     0.450245     0.552795     0.464065     0.538412      -0.014707 4.649523e-01
 24   0.6000     0.464065     0.538412     0.477525     0.524372      -0.008790 4.728548e-01
 25   0.6250     0.477525     0.524372     0.490634     0.510666      -0.003054 4.805793e-01
 26   0.6500     0.490634     0.510666     0.503401     0.497286       0.002186 4.884482e-01
 27   0.6750     0.503401     0.497286     0.515833     0.484225       0.006683 4.967180e-01
 28   0.7000     0.515833     0.484225     0.527939     0.471474       0.010261 5.055723e-01
 29   0.7250     0.527939     0.471474     0.539726     0.459027       0.012818 5.151202e-01
 30   0.7500     0.539726     0.459027     0.551201     0.446877       0.014326 5.253991e-01
 31   0.7750     0.551201     0.446877     0.562373     0.435016       0.014820 5.363813e-01
 32   0.8000     0.562373     0.435016     0.573249     0.423438       0.014389 5.479839e-01
 33   0.8250     0.573249     0.423438     0.583834     0.412135       0.013168 5.600804e-01
 34   0.8500     0.583834     0.412135     0.594138     0.401102       0.011321 5.725135e-01
 35   0.8750     0.594138     0.401102     0.604165     0.390332       0.009029 5.851087e-01
 36   0.9000     0.604165     0.390332     0.613924     0.379818       0.006479 5.976866e-01
 37   0.9250     0.613924     0.379818     0.623419     0.369555       0.003850 6.100741e-01
 38   0.9500     0.623419     0.369555     0.632658     0.359537       0.001304 6.221149e-01
 39   0.9750     0.632658     0.359537     0.641647     0.349758      -0.001018 6.336762e-01
 40   1.0000     0.641647     0.349758     0.650390     0.340212      -0.003008 6.446547e-01
 41   1.0250     0.650390     0.340212     0.658896     0.330894      -0.004589 6.549791e-01
 42   1.0500     0.658896     0.330894     0.667168     0.321798      -0.005715 6.646109e-01
 43   1.0750     0.667168     0.321798     0.675213     0.312919      -0.006375 6.735433e-01
 44   1.1000     0.675213     0.312919     0.683036     0.304252      -0.006585 6.817982e-01
 45   1.1250     0.683036     0.304252     0.690642     0.295792      -0.006386 6.894216e-01
 46   1.1500     0.690642     0.295792     0.698037     0.287534      -0.005836 6.964785e-01
 47   1.1750     0.698037     0.287534     0.705225     0.279473      -0.005010 7.030474e-01
 48   1.2000     0.705225     0.279473     0.712212     0.271604      -0.003989 7.092140e-01
 49   1.2250     0.712212     0.271604     0.719002     0.263924      -0.002854 7.150661e-01
 50   1.2500     0.719002     0.263924     0.725600     0.256427      -0.001686 7.206880e-01
 51   1.2750     0.725600     0.256427     0.732011     0.249110      -0.000556 7.261566e-01
 52   1.3000     0.732011     0.249110     0.738239     0.241967       0.000473 7.315380e-01
 53   1.3250     0.738239     0.241967     0.744288     0.234995       0.001354 7.368851e-01
 54   1.3500     0.744288     0.234995     0.750163     0.228190       0.002052 7.422362e-01
 55   1.3750     0.750163     0.228190     0.755868     0.221547       0.002548 7.476150e-01
 56   1.4000     0.755868     0.221547     0.761406     0.215064       0.002837 7.530308e-01
 57   1.4250     0.761406     0.215064     0.766783     0.208735       0.002926 7.584803e-01
 58   1.4500     0.766783     0.208735     0.772001     0.202558       0.002834 7.639493e-01
 59   1.4750     0.772001     0.202558     0.777065     0.196529       0.002587 7.694148e-01
 60   1.5000     0.777065     0.196529     0.781979     0.190645       0.002217 7.748480e-01
 61   1.5250     0.781979     0.190645     0.786745     0.184901       0.001762 7.802167e-01
 62   1.5500     0.786745     0.184901     0.791367     0.179295       0.001257 7.854877e-01
 63   1.5750     0.791367     0.179295     0.795850     0.173824       0.000738 7.906293e-01
 64   1.6000     0.795850     0.173824     0.800195     0.168483       0.000237 7.956128e-01
 65   1.6250     0.800195     0.168483     0.804407     0.163271      -0.000219 8.004146e-01
 66   1.6500     0.804407     0.163271     0.808489     0.158184      -0.000609 8.050164e-01
 67   1.6750     0.808489     0.158184     0.812444     0.153219      -0.000917 8.094065e-01
 68   1.7000     0.812444     0.153219     0.816274     0.148373      -0.001136 8.135795e-01
 69   1.7250     0.816274     0.148373     0.819983     0.143643      -0.001262 8.175364e-01
 70   1.7500     0.819983     0.143643     0.823574     0.139027      -0.001300 8.212835e-01
 71   1.7750     0.823574     0.139027     0.827050     0.134522      -0.001257 8.248319e-01
 72   1.8000     0.827050     0.134522     0.830413     0.130125      -0.001146 8.281964e-01
 73   1.8250     0.830413     0.130125     0.833666     0.125834      -0.000981 8.313944e-01
 74   1.8500     0.833666     0.125834     0.836812     0.121646      -0.000778 8.344445e-01
 75   1.8750     0.836812     0.121646     0.839853     0.117559      -0.000554 8.373657e-01
 76   1.9000     0.839853     0.117559     0.842792     0.113570      -0.000323 8.401762e-01
 77   1.9250     0.842792     0.113570     0.845631     0.109677      -0.000101 8.428928e-01
 78   1.9500     0.845631     0.109677     0.848373     0.105878       0.000102 8.455299e-01
 79   1.9750     0.848373     0.105878     0.851020     0.102171       0.000274 8.480994e-01
