  n        t          u^n          v^n      u^(n+1)      v^(n+1)
  0   0.0000     0.010000     1.000000     0.020000     0.989994
  1   0.0100     0.020000     0.989994     0.029900     0.980081
  2   0.0200     0.029900     0.980081     0.039701     0.970251
  3   0.0300     0.039701     0.970251     0.049403     0.960498
  4   0.0400     0.049403     0.960498     0.059008     0.950808
  5   0.0500     0.059008     0.950808     0.068516     0.941167
  6   0.0600     0.068516     0.941167     0.077928     0.931561
  7   0.0700     0.077928     0.931561     0.087244     0.921970
  8   0.0800     0.087244     0.921970     0.096463     0.912374
  9   0.0900     0.096463     0.912374     0.105587     0.902753
 10   0.1000     0.105587     0.902753     0.114615     0.893085
 11   0.1100     0.114615     0.893085     0.123545     0.883344
 12   0.1200     0.123545     0.883344     0.132379     0.873505
 13   0.1300     0.132379     0.873505     0.141114     0.863544
 14   0.1400     0.141114     0.863544     0.149749     0.853433
 15   0.1500     0.149749     0.853433     0.158284     0.843145
 16   0.1600     0.158284     0.843145     0.166715     0.832652
 17   0.1700     0.166715     0.832652     0.175042     0.821925
 18   0.1800     0.175042     0.821925     0.183261     0.810937
 19   0.1900     0.183261     0.810937     0.191370     0.799658
 20   0.2000     0.191370     0.799658     0.199367     0.788062
 21   0.2100     0.199367     0.788062     0.207247     0.776119
 22   0.2200     0.207247     0.776119     0.215009     0.763804
 23   0.2300     0.215009     0.763804     0.222647     0.751088
 24   0.2400     0.222647     0.751088     0.230158     0.737948
 25   0.2500     0.230158     0.737948     0.237537     0.724357
 26   0.2600     0.237537     0.724357     0.244781     0.710293
 27   0.2700     0.244781     0.710293     0.251884     0.695735
 28   0.2800     0.251884     0.695735     0.258841     0.680661
 29   0.2900     0.258841     0.680661     0.265648     0.665054
 30   0.3000     0.265648     0.665054     0.272298     0.648897
 31   0.3100     0.272298     0.648897     0.278787     0.632177
 32   0.3200     0.278787     0.632177     0.285109     0.614882
 33   0.3300     0.285109     0.614882     0.291258     0.597003
 34   0.3400     0.291258     0.597003     0.297228     0.578534
 35   0.3500     0.297228     0.578534     0.303013     0.559470
 36   0.3600     0.303013     0.559470     0.308608     0.539813
 37   0.3700     0.308608     0.539813     0.314006     0.519565
 38   0.3800     0.314006     0.519565     0.319201     0.498732
 39   0.3900     0.319201     0.498732     0.324189     0.477324
 40   0.4000     0.324189     0.477324     0.328962     0.455352
 41   0.4100     0.328962     0.455352     0.333516     0.432835
 42   0.4200     0.333516     0.432835     0.337844     0.409791
 43   0.4300     0.337844     0.409791     0.341942     0.386244
 44   0.4400     0.341942     0.386244     0.345804     0.362219
 45   0.4500     0.345804     0.362219     0.349426     0.337749
 46   0.4600     0.349426     0.337749     0.352804     0.312864
 47   0.4700     0.352804     0.312864     0.355933     0.287602
 48   0.4800     0.355933     0.287602     0.358809     0.262002
 49   0.4900     0.358809     0.262002     0.361429     0.236105
 50   0.5000     0.361429     0.236105     0.363790     0.209957
 51   0.5100     0.363790     0.209957     0.365889     0.183603
 52   0.5200     0.365889     0.183603     0.367725     0.157092
 53   0.5300     0.367725     0.157092     0.369296     0.130475
 54   0.5400     0.369296     0.130475     0.370601     0.103804
 55   0.5500     0.370601     0.103804     0.371639     0.077130
 56   0.5600     0.371639     0.077130     0.372410     0.050508
 57   0.5700     0.372410     0.050508     0.372915     0.023992
 58   0.5800     0.372915     0.023992     0.373155    -0.002364
 59   0.5900     0.373155    -0.002364     0.373132    -0.028507
 60   0.6000     0.373132    -0.028507     0.372847    -0.054383
 61   0.6100     0.372847    -0.054383     0.372303    -0.079941
 62   0.6200     0.372303    -0.079941     0.371503    -0.105130
 63   0.6300     0.371503    -0.105130     0.370452    -0.129901
 64   0.6400     0.370452    -0.129901     0.369153    -0.154207
 65   0.6500     0.369153    -0.154207     0.367611    -0.178003
 66   0.6600     0.367611    -0.178003     0.365831    -0.201245
 67   0.6700     0.365831    -0.201245     0.363818    -0.223896
 68   0.6800     0.363818    -0.223896     0.361580    -0.245917
 69   0.6900     0.361580    -0.245917     0.359120    -0.267275
 70   0.7000     0.359120    -0.267275     0.356448    -0.287939
 71   0.7100     0.356448    -0.287939     0.353568    -0.307882
 72   0.7200     0.353568    -0.307882     0.350489    -0.327080
 73   0.7300     0.350489    -0.327080     0.347219    -0.345512
 74   0.7400     0.347219    -0.345512     0.343763    -0.363161
 75   0.7500     0.343763    -0.363161     0.340132    -0.380013
 76   0.7600     0.340132    -0.380013     0.336332    -0.396058
 77   0.7700     0.336332    -0.396058     0.332371    -0.411288
 78   0.7800     0.332371    -0.411288     0.328258    -0.425700
 79   0.7900     0.328258    -0.425700     0.324001    -0.439293
 80   0.8000     0.324001    -0.439293     0.319608    -0.452068
 81   0.8100     0.319608    -0.452068     0.315088    -0.464031
 82   0.8200     0.315088    -0.464031     0.310447    -0.475189
 83   0.8300     0.310447    -0.475189     0.305695    -0.485553
 84   0.8400     0.305695    -0.485553     0.300840    -0.495134
 85   0.8500     0.300840    -0.495134     0.295889    -0.503947
 86   0.8600     0.295889    -0.503947     0.290849    -0.512008
 87   0.8700     0.290849    -0.512008     0.285729    -0.519335
 88   0.8800     0.285729    -0.519335     0.280536    -0.525948
 89   0.8900     0.280536    -0.525948     0.275276    -0.531868
 90   0.9000     0.275276    -0.531868     0.269958    -0.537117
 91   0.9100     0.269958    -0.537117     0.264586    -0.541717
 92   0.9200     0.264586    -0.541717     0.259169    -0.545694
 93   0.9300     0.259169    -0.545694     0.253712    -0.549070
 94   0.9400     0.253712    -0.549070     0.248222    -0.551872
 95   0.9500     0.248222    -0.551872     0.242703    -0.554125
 96   0.9600     0.242703    -0.554125     0.237162    -0.555853
 97   0.9700     0.237162    -0.555853     0.231603    -0.557083
 98   0.9800     0.231603    -0.557083     0.226032    -0.557839
 99   0.9900     0.226032    -0.557839     0.220454    -0.558148
