  n        t          u^n          v^n      u^(n+1)      v^(n+1)           y(t)        error
  0   0.0000     0.010000     1.000000     0.058749     0.951163       0.010000 -8.673617e-18
  1   0.0500     0.058749     0.951163     0.105115     0.904591       0.058769 -1.941021e-05
  2   0.1000     0.105115     0.904591     0.149207     0.860180       0.105152 -3.701687e-05
  3   0.1500     0.149207     0.860180     0.191132     0.817828       0.149260 -5.294530e-05
  4   0.2000     0.191132     0.817828     0.230989     0.777442       0.191199 -6.731308e-05
  5   0.2500     0.230989     0.777442     0.268875     0.738930       0.231069 -8.023052e-05
  6   0.3000     0.268875     0.738930     0.304881     0.702206       0.268966 -9.180104e-05
  7   0.3500     0.304881     0.702206     0.339094     0.667186       0.304983 -1.021216e-04
  8   0.4000     0.339094     0.667186     0.371598     0.633793       0.339205 -1.112832e-04
  9   0.4500     0.371598     0.633793     0.402473     0.601950       0.371718 -1.193708e-04
 10   0.5000     0.402473     0.601950     0.431792     0.571586       0.402599 -1.264642e-04
 11   0.5500     0.431792     0.571586     0.459630     0.542633       0.431925 -1.326382e-04
 12   0.6000     0.459630     0.542633     0.486055     0.515026       0.459768 -1.379626e-04
 13   0.6500     0.486055     0.515026     0.511132     0.488701       0.486197 -1.425028e-04
 14   0.7000     0.511132     0.488701     0.534924     0.463601       0.511278 -1.463199e-04
 15   0.7500     0.534924     0.463601     0.557491     0.439667       0.535074 -1.494712e-04
 16   0.8000     0.557491     0.439667     0.578890     0.416847       0.557643 -1.520101e-04
 17   0.8500     0.578890     0.416847     0.599175     0.395089       0.579044 -1.539865e-04
 18   0.9000     0.599175     0.395089     0.618399     0.374343       0.599331 -1.554470e-04
 19   0.9500     0.618399     0.374343     0.636609     0.354563       0.618555 -1.564351e-04
 20   1.0000     0.636609     0.354563     0.653854     0.335704       0.636766 -1.569914e-04
 21   1.0500     0.653854     0.335704     0.670179     0.317724       0.654011 -1.571538e-04
 22   1.1000     0.670179     0.317724     0.685626     0.300581       0.670336 -1.569575e-04
 23   1.1500     0.685626     0.300581     0.700237     0.284238       0.685783 -1.564353e-04
 24   1.2000     0.700237     0.284238     0.714049     0.268657       0.700392 -1.556179e-04
 25   1.2500     0.714049     0.268657     0.727102     0.253802       0.714204 -1.545337e-04
 26   1.3000     0.727102     0.253802     0.739429     0.239641       0.727255 -1.532090e-04
 27   1.3500     0.739429     0.239641     0.751066     0.226142       0.739581 -1.516686e-04
 28   1.4000     0.751066     0.226142     0.762043     0.213272       0.751216 -1.499352e-04
 29   1.4500     0.762043     0.213272     0.772392     0.201004       0.762191 -1.480299e-04
 30   1.5000     0.772392     0.201004     0.782143     0.189310       0.772538 -1.459724e-04
 31   1.5500     0.782143     0.189310     0.791323     0.178163       0.782287 -1.437808e-04
 32   1.6000     0.791323     0.178163     0.799959     0.167538       0.791465 -1.414720e-04
 33   1.6500     0.799959     0.167538     0.808077     0.157410       0.800098 -1.390615e-04
 34   1.7000     0.808077     0.157410     0.815700     0.147757       0.808213 -1.365636e-04
 35   1.7500     0.815700     0.147757     0.822852     0.138556       0.815834 -1.339917e-04
 36   1.8000     0.822852     0.138556     0.829555     0.129787       0.822983 -1.313579e-04
 37   1.8500     0.829555     0.129787     0.835830     0.121430       0.829684 -1.286735e-04
 38   1.9000     0.835830     0.121430     0.841698     0.113465       0.835956 -1.259487e-04
 39   1.9500     0.841698     0.113465     0.847177     0.105875       0.841821 -1.231932e-04
 40   2.0000     0.847177     0.105875     0.852285     0.098642       0.847297 -1.204155e-04
 41   2.0500     0.852285     0.098642     0.857041     0.091750       0.852403 -1.176236e-04
 42   2.1000     0.857041     0.091750     0.861460     0.085182       0.857155 -1.148249e-04
 43   2.1500     0.861460     0.085182     0.865559     0.078924       0.861572 -1.120258e-04
 44   2.2000     0.865559     0.078924     0.869352     0.072962       0.865668 -1.092325e-04
 45   2.2500     0.869352     0.072962     0.872855     0.067281       0.869459 -1.064504e-04
 46   2.3000     0.872855     0.067281     0.876080     0.061870       0.872958 -1.036845e-04
 47   2.3500     0.876080     0.061870     0.879041     0.056714       0.876181 -1.009392e-04
 48   2.4000     0.879041     0.056714     0.881751     0.051803       0.879140 -9.821858e-05
 49   2.4500     0.881751     0.051803     0.884222     0.047125       0.881847 -9.552621e-05
 50   2.5000     0.884222     0.047125     0.886464     0.042670       0.884315 -9.286533e-05
 51   2.5500     0.886464     0.042670     0.888488     0.038426       0.886554 -9.023879e-05
 52   2.6000     0.888488     0.038426     0.890306     0.034385       0.888576 -8.764913e-05
 53   2.6500     0.890306     0.034385     0.891927     0.030536       0.890391 -8.509855e-05
 54   2.7000     0.891927     0.030536     0.893360     0.026872       0.892009 -8.258901e-05
 55   2.7500     0.893360     0.026872     0.894614     0.023382       0.893440 -8.012218e-05
 56   2.8000     0.894614     0.023382     0.895698     0.020060       0.894692 -7.769948e-05
 57   2.8500     0.895698     0.020060     0.896620     0.016898       0.895773 -7.532213e-05
 58   2.9000     0.896620     0.016898     0.897388     0.013888       0.896693 -7.299112e-05
 59   2.9500     0.897388     0.013888     0.898008     0.011022       0.897458 -7.070728e-05
 60   3.0000     0.898008     0.011022     0.898490     0.008295       0.898077 -6.847123e-05
 61   3.0500     0.898490     0.008295     0.898838     0.005700       0.898556 -6.628345e-05
 62   3.1000     0.898838     0.005700     0.899060     0.003231       0.898902 -6.414429e-05
 63   3.1500     0.899060     0.003231     0.899161     0.000882       0.899122 -6.205392e-05
 64   3.2000     0.899161     0.000882     0.899148    -0.001353       0.899221 -6.001244e-05
 65   3.2500     0.899148    -0.001353     0.899026    -0.003478       0.899206 -5.801979e-05
 66   3.3000     0.899026    -0.003478     0.898800    -0.005500       0.899082 -5.607586e-05
 67   3.3500     0.898800    -0.005500     0.898476    -0.007422       0.898854 -5.418040e-05
 68   3.4000     0.898476    -0.007422     0.898058    -0.009250       0.898528 -5.233310e-05
 69   3.4500     0.898058    -0.009250     0.897551    -0.010988       0.898108 -5.053358e-05
 70   3.5000     0.897551    -0.010988     0.896959    -0.012639       0.897599 -4.878139e-05
 71   3.5500     0.896959    -0.012639     0.896287    -0.014208       0.897006 -4.707600e-05
 72   3.6000     0.896287    -0.014208     0.895538    -0.015700       0.896332 -4.541686e-05
 73   3.6500     0.895538    -0.015700     0.894717    -0.017116       0.895582 -4.380334e-05
 74   3.7000     0.894717    -0.017116     0.893826    -0.018461       0.894759 -4.223479e-05
 75   3.7500     0.893826    -0.018461     0.892870    -0.019739       0.893867 -4.071051e-05
 76   3.8000     0.892870    -0.019739     0.891852    -0.020952       0.892910 -3.922977e-05
 77   3.8500     0.891852    -0.020952     0.890775    -0.022103       0.891890 -3.779183e-05
 78   3.9000     0.890775    -0.022103     0.889642    -0.023195       0.890812 -3.639591e-05
 79   3.9500     0.889642    -0.023195     0.888456    -0.024232       0.889677 -3.504120e-05
 80   4.0000     0.888456    -0.024232     0.887219    -0.025214       0.888489 -3.372690e-05
 81   4.0500     0.887219    -0.025214     0.885934    -0.026146       0.887251 -3.245218e-05
 82   4.1000     0.885934    -0.026146     0.884604    -0.027030       0.885965 -3.121620e-05
 83   4.1500     0.884604    -0.027030     0.883231    -0.027866       0.884634 -3.001812e-05
 84   4.2000     0.883231    -0.027866     0.881817    -0.028659       0.883260 -2.885709e-05
 85   4.2500     0.881817    -0.028659     0.880365    -0.029410       0.881845 -2.773226e-05
 86   4.3000     0.880365    -0.029410     0.878876    -0.030120       0.880392 -2.664278e-05
 87   4.3500     0.878876    -0.030120     0.877353    -0.030792       0.878902 -2.558780e-05
 88   4.4000     0.877353    -0.030792     0.875797    -0.031427       0.877378 -2.456647e-05
 89   4.4500     0.875797    -0.031427     0.874210    -0.032028       0.875821 -2.357795e-05
 90   4.5000     0.874210    -0.032028     0.872594    -0.032596       0.874233 -2.262140e-05
 91   4.5500     0.872594    -0.032596     0.870951    -0.033132       0.872616 -2.169599e-05
 92   4.6000     0.870951    -0.033132     0.869281    -0.033637       0.870972 -2.080090e-05
 93   4.6500     0.869281    -0.033637     0.867587    -0.034114       0.869301 -1.993532e-05
 94   4.7000     0.867587    -0.034114     0.865870    -0.034564       0.867606 -1.909845e-05
 95   4.7500     0.865870    -0.034564     0.864131    -0.034987       0.865888 -1.828950e-05
 96   4.8000     0.864131    -0.034987     0.862371    -0.035386       0.864148 -1.750768e-05
 97   4.8500     0.862371    -0.035386     0.860592    -0.035760       0.862388 -1.675224e-05
 98   4.9000     0.860592    -0.035760     0.858795    -0.036113       0.860608 -1.602241e-05
 99   4.9500     0.858795    -0.036113     0.856981    -0.036443       0.858810 -1.531746e-05
