  n        t          u^n          v^n      u^(n+1)      v^(n+1)           y(t)        error
  0   0.0000     0.010000     1.000000     0.104998     0.904702       0.010000 -8.673617e-18
  1   0.1000     0.104998     0.904702     0.190918     0.818031       0.105152 -1.544224e-04
  2   0.2000     0.190918     0.818031     0.268583     0.739207       0.191199 -2.809200e-04
  3   0.3000     0.268583     0.739207     0.338741     0.667521       0.268966 -3.832770e-04
  4   0.4000     0.338741     0.667521     0.402071     0.602331       0.339205 -4.648219e-04
  5   0.5000     0.402071     0.602331     0.459191     0.543049       0.402599 -5.284787e-04
  6   0.6000     0.459191     0.543049     0.510666     0.489142       0.459768 -5.768132e-04
  7   0.7000     0.510666     0.489142     0.557007     0.440126       0.511278 -6.120736e-04
  8   0.8000     0.557007     0.440126     0.598680     0.395558       0.557643 -6.362271e-04
  9   0.9000     0.598680     0.395558     0.636108     0.355038       0.599331 -6.509920e-04
 10   1.0000     0.636108     0.355038     0.669678     0.318199       0.636766 -6.578672e-04
 11   1.1000     0.669678     0.318199     0.699739     0.284709       0.670336 -6.581571e-04
 12   1.2000     0.699739     0.284709     0.726612     0.254267       0.700392 -6.529950e-04
 13   1.3000     0.726612     0.254267     0.750585     0.226597       0.727255 -6.433633e-04
 14   1.4000     0.750585     0.226597     0.771924     0.201448       0.751216 -6.301113e-04
 15   1.5000     0.771924     0.201448     0.790869     0.178593       0.772538 -6.139713e-04
 16   1.6000     0.790869     0.178593     0.807638     0.157826       0.791465 -5.955731e-04
 17   1.7000     0.807638     0.157826     0.822429     0.138957       0.808213 -5.754561e-04
 18   1.8000     0.822429     0.138957     0.835425     0.121814       0.822983 -5.540809e-04
 19   1.9000     0.835425     0.121814     0.846788     0.106243       0.835956 -5.318386e-04
 20   2.0000     0.846788     0.106243     0.856669     0.092101       0.847297 -5.090602e-04
 21   2.1000     0.856669     0.092101     0.865205     0.079260       0.857155 -4.860240e-04
 22   2.2000     0.865205     0.079260     0.872518     0.067600       0.865668 -4.629622e-04
 23   2.3000     0.872518     0.067600     0.878722     0.057017       0.872958 -4.400673e-04
 24   2.4000     0.878722     0.057017     0.883919     0.047412       0.879140 -4.174974e-04
 25   2.5000     0.883919     0.047412     0.888202     0.038698       0.884315 -3.953803e-04
 26   2.6000     0.888202     0.038698     0.891657     0.030793       0.888576 -3.738183e-04
 27   2.7000     0.891657     0.030793     0.894359     0.023624       0.892009 -3.528917e-04
 28   2.8000     0.894359     0.023624     0.896380     0.017126       0.894692 -3.326614e-04
 29   2.9000     0.896380     0.017126     0.897783     0.011237       0.896693 -3.131724e-04
 30   3.0000     0.897783     0.011237     0.898626     0.005902       0.898077 -2.944558e-04
 31   3.1000     0.898626     0.005902     0.898962     0.001071       0.898902 -2.765310e-04
 32   3.2000     0.898962     0.001071     0.898839    -0.003301       0.899221 -2.594077e-04
 33   3.3000     0.898839    -0.003301     0.898300    -0.007256       0.899082 -2.430873e-04
 34   3.4000     0.898300    -0.007256     0.897386    -0.010832       0.898528 -2.275644e-04
 35   3.5000     0.897386    -0.010832     0.896133    -0.014062       0.897599 -2.128282e-04
 36   3.6000     0.896133    -0.014062     0.894573    -0.016980       0.896332 -1.988630e-04
 37   3.7000     0.894573    -0.016980     0.892736    -0.019612       0.894759 -1.856500e-04
 38   3.8000     0.892736    -0.019612     0.890650    -0.021984       0.892910 -1.731671e-04
 39   3.9000     0.890650    -0.021984     0.888339    -0.024121       0.890812 -1.613902e-04
 40   4.0000     0.888339    -0.024121     0.885825    -0.026043       0.888489 -1.502936e-04
 41   4.1000     0.885825    -0.026043     0.883130    -0.027770       0.885965 -1.398506e-04
 42   4.2000     0.883130    -0.027770     0.880271    -0.029320       0.883260 -1.300336e-04
 43   4.3000     0.880271    -0.029320     0.877266    -0.030708       0.880392 -1.208147e-04
 44   4.4000     0.877266    -0.030708     0.874129    -0.031950       0.877378 -1.121659e-04
 45   4.5000     0.874129    -0.031950     0.870875    -0.033059       0.874233 -1.040596e-04
 46   4.6000     0.870875    -0.033059     0.867517    -0.034047       0.870972 -9.646831e-05
 47   4.7000     0.867517    -0.034047     0.864066    -0.034925       0.867606 -8.936510e-05
 48   4.8000     0.864066    -0.034925     0.860532    -0.035702       0.864148 -8.272378e-05
 49   4.9000     0.860532    -0.035702     0.856925    -0.036389       0.860608 -7.651888e-05
 50   5.0000     0.856925    -0.036389     0.853254    -0.036994       0.856996 -7.072577e-05
 51   5.1000     0.853254    -0.036994     0.849526    -0.037523       0.853319 -6.532070e-05
 52   5.2000     0.849526    -0.037523     0.845749    -0.037984       0.849586 -6.028085e-05
 53   5.3000     0.845749    -0.037984     0.841929    -0.038383       0.845804 -5.558438e-05
 54   5.4000     0.841929    -0.038383     0.838072    -0.038727       0.841980 -5.121040e-05
 55   5.5000     0.838072    -0.038727     0.834183    -0.039019       0.838119 -4.713899e-05
 56   5.6000     0.834183    -0.039019     0.830268    -0.039265       0.834227 -4.335120e-05
 57   5.7000     0.830268    -0.039265     0.826330    -0.039468       0.830308 -3.982905e-05
 58   5.8000     0.826330    -0.039468     0.822374    -0.039634       0.826367 -3.655547e-05
 59   5.9000     0.822374    -0.039634     0.818404    -0.039765       0.822408 -3.351434e-05
 60   6.0000     0.818404    -0.039765     0.814421    -0.039865       0.818434 -3.069040e-05
 61   6.1000     0.814421    -0.039865     0.810430    -0.039936       0.814449 -2.806925e-05
 62   6.2000     0.810430    -0.039936     0.806434    -0.039982       0.810456 -2.563734e-05
 63   6.3000     0.806434    -0.039982     0.802434    -0.040004       0.806457 -2.338189e-05
 64   6.4000     0.802434    -0.040004     0.798433    -0.040005       0.802455 -2.129091e-05
 65   6.5000     0.798433    -0.040005     0.794433    -0.039987       0.798452 -1.935312e-05
 66   6.6000     0.794433    -0.039987     0.790435    -0.039952       0.794450 -1.755794e-05
 67   6.7000     0.790435    -0.039952     0.786442    -0.039901       0.790451 -1.589545e-05
 68   6.8000     0.786442    -0.039901     0.782455    -0.039836       0.786457 -1.435637e-05
 69   6.9000     0.782455    -0.039836     0.778475    -0.039759       0.782468 -1.293201e-05
 70   7.0000     0.778475    -0.039759     0.774503    -0.039669       0.778487 -1.161423e-05
 71   7.1000     0.774503    -0.039669     0.770541    -0.039570       0.774514 -1.039544e-05
 72   7.2000     0.770541    -0.039570     0.766589    -0.039461       0.770550 -9.268550e-06
 73   7.3000     0.766589    -0.039461     0.762649    -0.039343       0.766598 -8.226943e-06
 74   7.4000     0.762649    -0.039343     0.758721    -0.039219       0.762656 -7.264446e-06
 75   7.5000     0.758721    -0.039219     0.754805    -0.039087       0.758727 -6.375306e-06
 76   7.6000     0.754805    -0.039087     0.750903    -0.038949       0.754811 -5.554167e-06
 77   7.7000     0.750903    -0.038949     0.747015    -0.038806       0.750908 -4.796041e-06
 78   7.8000     0.747015    -0.038806     0.743142    -0.038658       0.747020 -4.096286e-06
 79   7.9000     0.743142    -0.038658     0.739284    -0.038506       0.743146 -3.450586e-06
 80   8.0000     0.739284    -0.038506     0.735441    -0.038350       0.739287 -2.854929e-06
 81   8.1000     0.735441    -0.038350     0.731614    -0.038190       0.735443 -2.305587e-06
 82   8.2000     0.731614    -0.038190     0.727803    -0.038028       0.731616 -1.799098e-06
 83   8.3000     0.727803    -0.038028     0.724008    -0.037863       0.727804 -1.332247e-06
 84   8.4000     0.724008    -0.037863     0.720230    -0.037695       0.724009 -9.020530e-07
 85   8.5000     0.720230    -0.037695     0.716469    -0.037526       0.720231 -5.057476e-07
 86   8.6000     0.716469    -0.037526     0.712725    -0.037355       0.716469 -1.407656e-07
 87   8.7000     0.712725    -0.037355     0.708998    -0.037182       0.712725 1.952710e-07
 88   8.8000     0.708998    -0.037182     0.705289    -0.037008       0.708998 5.045661e-07
 89   8.9000     0.705289    -0.037008     0.701596    -0.036833       0.705288 7.891609e-07
 90   9.0000     0.701596    -0.036833     0.697922    -0.036658       0.701595 1.050946e-06
 91   9.1000     0.697922    -0.036658     0.694265    -0.036481       0.697921 1.291671e-06
 92   9.2000     0.694265    -0.036481     0.690626    -0.036304       0.694263 1.512955e-06
 93   9.3000     0.690626    -0.036304     0.687004    -0.036127       0.690624 1.716297e-06
 94   9.4000     0.687004    -0.036127     0.683400    -0.035949       0.687002 1.903083e-06
 95   9.5000     0.683400    -0.035949     0.679814    -0.035771       0.683398 2.074594e-06
 96   9.6000     0.679814    -0.035771     0.676246    -0.035593       0.679812 2.232015e-06
 97   9.7000     0.676246    -0.035593     0.672696    -0.035415       0.676244 2.376441e-06
 98   9.8000     0.672696    -0.035415     0.669163    -0.035237       0.672693 2.508884e-06
 99   9.9000     0.669163    -0.035237     0.665648    -0.035059       0.669161 2.630278e-06
