  n        t          u^n          v^n      u^(n+1)      v^(n+1)           y(t)        error
  0   0.0000     0.010000     1.000000     0.060000     0.700000       0.010000 0.000000e+00
  1   0.0500     0.060000     0.700000     0.095000     0.225000       0.051293 8.707141e-03
  2   0.1000     0.095000     0.225000     0.106250    -0.306250       0.072340 2.266000e-02
  3   0.1500     0.106250    -0.306250     0.090937    -0.760938       0.073060 3.318977e-02
  4   0.2000     0.090937    -0.760938     0.052891    -1.025391       0.057794 3.314367e-02
  5   0.2500     0.052891    -1.025391     0.001621    -1.033496       0.033384 1.950638e-02
  6   0.3000     0.001621    -1.033496    -0.050054    -0.783228       0.007142 -5.520789e-03
  7   0.3500    -0.050054    -0.783228    -0.089215    -0.337152      -0.014843 -3.521085e-02
  8   0.4000    -0.089215    -0.337152    -0.106073     0.193211      -0.028749 -6.046595e-02
  9   0.4500    -0.106073     0.193211    -0.096412     0.675272      -0.033351 -7.272138e-02
