  n        t          u^n          v^n      u^(n+1)      v^(n+1)           y(t)        error
  0   0.0000     0.010000     1.000000     0.035000     0.974988       0.010000 -8.673617e-18
  1   0.0250     0.035000     0.974988     0.059375     0.950569       0.034690 3.102762e-04
  2   0.0500     0.059375     0.950569     0.083139     0.926731       0.058769 6.059023e-04
  3   0.0750     0.083139     0.926731     0.106307     0.903458       0.082252 8.873955e-04
  4   0.1000     0.106307     0.903458     0.128894     0.880739       0.105152 1.155257e-03
  5   0.1250     0.128894     0.880739     0.150912     0.858559       0.127484 1.409972e-03
  6   0.1500     0.150912     0.858559     0.172376     0.836907       0.149260 1.652012e-03
  7   0.1750     0.172376     0.836907     0.193299     0.815769       0.170494 1.881830e-03
  8   0.2000     0.193299     0.815769     0.213693     0.795133       0.191199 2.099868e-03
  9   0.2250     0.213693     0.795133     0.233571     0.774987       0.211386 2.306553e-03
 10   0.2500     0.233571     0.774987     0.252946     0.755321       0.231069 2.502298e-03
 11   0.2750     0.252946     0.755321     0.271829     0.736122       0.250258 2.687503e-03
 12   0.3000     0.271829     0.736122     0.290232     0.717379       0.268966 2.862556e-03
 13   0.3250     0.290232     0.717379     0.308167     0.699082       0.287204 3.027831e-03
 14   0.3500     0.308167     0.699082     0.325644     0.681219       0.304983 3.183691e-03
 15   0.3750     0.325644     0.681219     0.342674     0.663782       0.322313 3.330488e-03
 16   0.4000     0.342674     0.663782     0.359269     0.646759       0.339205 3.468562e-03
 17   0.4250     0.359269     0.646759     0.375438     0.630141       0.355670 3.598241e-03
 18   0.4500     0.375438     0.630141     0.391191     0.613918       0.371718 3.719845e-03
 19   0.4750     0.391191     0.613918     0.406539     0.598081       0.387357 3.833679e-03
