  n        t          u^n          v^n      u^(n+1)      v^(n+1)           y(t)        error
  0   0.0000     0.010000     1.000000     0.110000     0.400000       0.010000 0.000000e+00
  1   0.1000     0.110000     0.400000     0.150000    -0.900000       0.072340 3.766000e-02
  2   0.2000     0.150000    -0.900000     0.060000    -1.950000       0.057794 9.220617e-02
  3   0.3000     0.060000    -1.950000    -0.135000    -1.575000       0.007142 5.285812e-02
  4   0.4000    -0.135000    -1.575000    -0.292500     0.562500      -0.028749 -1.062509e-01
  5   0.5000    -0.292500     0.562500    -0.236250     3.206250      -0.029710 -2.627895e-01
  6   0.6000    -0.236250     3.206250     0.084375     3.965625      -0.008790 -2.274599e-01
  7   0.7000     0.084375     3.965625     0.480938     1.139062       0.010261 7.411427e-02
  8   0.8000     0.480938     1.139062     0.594844    -4.239844       0.014389 4.665482e-01
  9   0.9000     0.594844    -4.239844     0.170859    -8.068359       0.006479 5.883649e-01
 10   1.0000     0.170859    -8.068359    -0.635977    -5.742773      -0.003008 1.738676e-01
 11   1.1000    -0.635977    -5.742773    -1.210254     3.488379      -0.006585 -6.293914e-01
 12   1.2000    -1.210254     3.488379    -0.861416    13.846729      -0.003989 -1.206265e+00
 13   1.3000    -0.861416    13.846729     0.523257    15.537524       0.000473 -8.618891e-01
 14   1.4000     0.523257    15.537524     2.077009     2.536194       0.002837 5.204200e-01
 15   1.5000     2.077009     2.536194     2.330629   -19.501996       0.002217 2.074792e+00
 16   1.6000     2.330629   -19.501996     0.380429   -33.057285       0.000237 2.330392e+00
 17   1.7000     0.380429   -33.057285    -2.925299   -20.332933      -0.001136 3.815650e-01
 18   1.8000    -2.925299   -20.332933    -4.958593    19.086527      -0.001146 -2.924153e+00
 19   1.9000    -4.958593    19.086527    -3.049940    59.129190      -0.000323 -4.958270e+00
