  n        t          u^n          v^n      u^(n+1)      v^(n+1)           y(t)        error
  0   0.0000     0.010000     1.000000     0.053047     0.752305       0.010000 -8.673617e-18
  1   0.0500     0.053047     0.752305     0.085076     0.553692       0.053529 -4.822085e-04
  2   0.1000     0.085076     0.553692     0.108289     0.395107       0.085862 -7.866819e-04
  3   0.1500     0.108289     0.395107     0.124482     0.269119       0.109250 -9.613285e-04
  4   0.2000     0.124482     0.269119     0.135115     0.169633       0.125525 -1.042698e-03
  5   0.2500     0.135115     0.169633     0.141375     0.091655       0.136174 -1.058496e-03
  6   0.3000     0.141375     0.091655     0.144223     0.031095       0.142405 -1.029561e-03
  7   0.3500     0.144223     0.031095     0.144437    -0.015396       0.145195 -9.714270e-04
  8   0.4000     0.144437    -0.015396     0.142645    -0.050555       0.145333 -8.955403e-04
  9   0.4500     0.142645    -0.050555     0.139350    -0.076616       0.143455 -8.102190e-04
