  n        t          u^n          v^n      u^(n+1)      v^(n+1)           y(t)        error
  0   0.0000     0.010000     1.000000     0.060000     0.721875       0.010000 -8.673617e-18
  1   0.0500     0.060000     0.721875     0.096094     0.504609       0.053529 6.470917e-03
  2   0.1000     0.096094     0.504609     0.121324     0.335813       0.085862 1.023148e-02
  3   0.1500     0.121324     0.335813     0.138115     0.205550       0.109250 1.207398e-02
  4   0.2000     0.138115     0.205550     0.148392     0.105863       0.125525 1.259025e-02
  5   0.2500     0.148392     0.105863     0.153686     0.030378       0.136174 1.221874e-02
  6   0.3000     0.153686     0.030378     0.155204    -0.026003       0.142405 1.128099e-02
  7   0.3500     0.155204    -0.026003     0.153904    -0.067353       0.145195 1.000990e-02
  8   0.4000     0.153904    -0.067353     0.150537    -0.096926       0.145333 8.571448e-03
  9   0.4500     0.150537    -0.096926     0.145690    -0.117314       0.143455 7.081485e-03
 10   0.5000     0.145690    -0.117314     0.139825    -0.130581       0.140072 5.618573e-03
 11   0.5500     0.139825    -0.130581     0.133296    -0.138366       0.135591 4.233788e-03
 12   0.6000     0.133296    -0.138366     0.126377    -0.141971       0.130337 2.958180e-03
 13   0.6500     0.126377    -0.141971     0.119279    -0.142422       0.124569 1.808413e-03
 14   0.7000     0.119279    -0.142422     0.112158    -0.140530       0.118488 7.910041e-04
 15   0.7500     0.112158    -0.140530     0.105131    -0.136934       0.112252 -9.450376e-05
 16   0.8000     0.105131    -0.136934     0.098284    -0.132130       0.105984 -8.532009e-04
 17   0.8500     0.098284    -0.132130     0.091678    -0.126508       0.099778 -1.493090e-03
 18   0.9000     0.091678    -0.126508     0.085352    -0.120368       0.093702 -2.023843e-03
 19   0.9500     0.085352    -0.120368     0.079334    -0.113939       0.087808 -2.455913e-03
 20   1.0000     0.079334    -0.113939     0.073637    -0.107398       0.082134 -2.799922e-03
 21   1.0500     0.073637    -0.107398     0.068267    -0.100875       0.076703 -3.066235e-03
 22   1.1000     0.068267    -0.100875     0.063223    -0.094468       0.071532 -3.264699e-03
 23   1.1500     0.063223    -0.094468     0.058500    -0.088247       0.066628 -3.404473e-03
 24   1.2000     0.058500    -0.088247     0.054088    -0.082260       0.061994 -3.493942e-03
 25   1.2500     0.054088    -0.082260     0.049975    -0.076541       0.057628 -3.540688e-03
 26   1.3000     0.049975    -0.076541     0.046148    -0.071109       0.053526 -3.551494e-03
 27   1.3500     0.046148    -0.071109     0.042592    -0.065975       0.049680 -3.532373e-03
 28   1.4000     0.042592    -0.065975     0.039293    -0.061142       0.046081 -3.488613e-03
 29   1.4500     0.039293    -0.061142     0.036236    -0.056607       0.042718 -3.424834e-03
 30   1.5000     0.036236    -0.056607     0.033406    -0.052364       0.039581 -3.345044e-03
 31   1.5500     0.033406    -0.052364     0.030788    -0.048403       0.036659 -3.252701e-03
 32   1.6000     0.030788    -0.048403     0.028368    -0.044714       0.033939 -3.150768e-03
 33   1.6500     0.028368    -0.044714     0.026132    -0.041282       0.031409 -3.041773e-03
 34   1.7000     0.026132    -0.041282     0.024068    -0.038096       0.029060 -2.927856e-03
 35   1.7500     0.024068    -0.038096     0.022163    -0.035141       0.026879 -2.810819e-03
 36   1.8000     0.022163    -0.035141     0.020406    -0.032403       0.024855 -2.692167e-03
 37   1.8500     0.020406    -0.032403     0.018786    -0.029869       0.022979 -2.573152e-03
 38   1.9000     0.018786    -0.029869     0.017292    -0.027526       0.021241 -2.454801e-03
 39   1.9500     0.017292    -0.027526     0.015916    -0.025360       0.019630 -2.337952e-03
 40   2.0000     0.015916    -0.025360     0.014648    -0.023360       0.018139 -2.223278e-03
 41   2.0500     0.014648    -0.023360     0.013480    -0.021513       0.016759 -2.111313e-03
 42   2.1000     0.013480    -0.021513     0.012404    -0.019810       0.015483 -2.002471e-03
 43   2.1500     0.012404    -0.019810     0.011414    -0.018238       0.014302 -1.897067e-03
 44   2.2000     0.011414    -0.018238     0.010502    -0.016790       0.013209 -1.795329e-03
 45   2.2500     0.010502    -0.016790     0.009663    -0.015454       0.012199 -1.697414e-03
 46   2.3000     0.009663    -0.015454     0.008890    -0.014224       0.011266 -1.603421e-03
 47   2.3500     0.008890    -0.014224     0.008179    -0.013090       0.010403 -1.513397e-03
 48   2.4000     0.008179    -0.013090     0.007524    -0.012046       0.009606 -1.427349e-03
 49   2.4500     0.007524    -0.012046     0.006922    -0.011085       0.008869 -1.345252e-03
 50   2.5000     0.006922    -0.011085     0.006368    -0.010200       0.008189 -1.267051e-03
 51   2.5500     0.006368    -0.010200     0.005858    -0.009385       0.007560 -1.192674e-03
 52   2.6000     0.005858    -0.009385     0.005388    -0.008634       0.006980 -1.122026e-03
 53   2.6500     0.005388    -0.008634     0.004957    -0.007944       0.006443 -1.055004e-03
 54   2.7000     0.004957    -0.007944     0.004559    -0.007308       0.005948 -9.914918e-04
 55   2.7500     0.004559    -0.007308     0.004194    -0.006723       0.005491 -9.313675e-04
 56   2.8000     0.004194    -0.006723     0.003858    -0.006185       0.005069 -8.745036e-04
 57   2.8500     0.003858    -0.006185     0.003549    -0.005690       0.004679 -8.207700e-04
 58   2.9000     0.003549    -0.005690     0.003264    -0.005234       0.004319 -7.700350e-04
 59   2.9500     0.003264    -0.005234     0.003002    -0.004815       0.003986 -7.221667e-04
 60   3.0000     0.003002    -0.004815     0.002762    -0.004429       0.003679 -6.770343e-04
 61   3.0500     0.002762    -0.004429     0.002540    -0.004074       0.003396 -6.345089e-04
 62   3.1000     0.002540    -0.004074     0.002337    -0.003747       0.003135 -5.944638e-04
 63   3.1500     0.002337    -0.003747     0.002149    -0.003447       0.002893 -5.567757e-04
 64   3.2000     0.002149    -0.003447     0.001977    -0.003171       0.002671 -5.213244e-04
 65   3.2500     0.001977    -0.003171     0.001818    -0.002917       0.002465 -4.879939e-04
 66   3.3000     0.001818    -0.002917     0.001672    -0.002683       0.002275 -4.566718e-04
 67   3.3500     0.001672    -0.002683     0.001538    -0.002468       0.002100 -4.272502e-04
 68   3.4000     0.001538    -0.002468     0.001415    -0.002270       0.001938 -3.996254e-04
 69   3.4500     0.001415    -0.002270     0.001301    -0.002088       0.001789 -3.736978e-04
 70   3.5000     0.001301    -0.002088     0.001197    -0.001920       0.001651 -3.493724e-04
 71   3.5500     0.001197    -0.001920     0.001101    -0.001766       0.001524 -3.265584e-04
 72   3.6000     0.001101    -0.001766     0.001013    -0.001625       0.001406 -3.051691e-04
 73   3.6500     0.001013    -0.001625     0.000932    -0.001494       0.001298 -2.851221e-04
 74   3.7000     0.000932    -0.001494     0.000857    -0.001375       0.001198 -2.663390e-04
 75   3.7500     0.000857    -0.001375     0.000788    -0.001264       0.001106 -2.487455e-04
 76   3.8000     0.000788    -0.001264     0.000725    -0.001163       0.001020 -2.322708e-04
 77   3.8500     0.000725    -0.001163     0.000667    -0.001070       0.000942 -2.168481e-04
 78   3.9000     0.000667    -0.001070     0.000613    -0.000984       0.000869 -2.024140e-04
 79   3.9500     0.000613    -0.000984     0.000564    -0.000905       0.000802 -1.889085e-04
 80   4.0000     0.000564    -0.000905     0.000519    -0.000832       0.000740 -1.762750e-04
 81   4.0500     0.000519    -0.000832     0.000477    -0.000766       0.000683 -1.644600e-04
 82   4.1000     0.000477    -0.000766     0.000439    -0.000704       0.000631 -1.534130e-04
 83   4.1500     0.000439    -0.000704     0.000404    -0.000648       0.000582 -1.430863e-04
 84   4.2000     0.000404    -0.000648     0.000371    -0.000596       0.000537 -1.334350e-04
 85   4.2500     0.000371    -0.000596     0.000342    -0.000548       0.000496 -1.244167e-04
 86   4.3000     0.000342    -0.000548     0.000314    -0.000504       0.000458 -1.159917e-04
 87   4.3500     0.000314    -0.000504     0.000289    -0.000464       0.000422 -1.081224e-04
 88   4.4000     0.000289    -0.000464     0.000266    -0.000426       0.000390 -1.007736e-04
 89   4.4500     0.000266    -0.000426     0.000244    -0.000392       0.000360 -9.391200e-05
 90   4.5000     0.000244    -0.000392     0.000225    -0.000361       0.000332 -8.750649e-05
 91   4.5500     0.000225    -0.000361     0.000207    -0.000332       0.000306 -8.152777e-05
 92   4.6000     0.000207    -0.000332     0.000190    -0.000305       0.000283 -7.594833e-05
 93   4.6500     0.000190    -0.000305     0.000175    -0.000281       0.000261 -7.074235e-05
 94   4.7000     0.000175    -0.000281     0.000161    -0.000258       0.000241 -6.588560e-05
 95   4.7500     0.000161    -0.000258     0.000148    -0.000237       0.000222 -6.135533e-05
 96   4.8000     0.000148    -0.000237     0.000136    -0.000218       0.000205 -5.713024e-05
 97   4.8500     0.000136    -0.000218     0.000125    -0.000201       0.000189 -5.319034e-05
 98   4.9000     0.000125    -0.000201     0.000115    -0.000185       0.000175 -4.951691e-05
 99   4.9500     0.000115    -0.000185     0.000106    -0.000170       0.000161 -4.609238e-05
100   5.0000     0.000106    -0.000170     0.000097    -0.000156       0.000149 -4.290033e-05
101   5.0500     0.000097    -0.000156     0.000090    -0.000144       0.000137 -3.992537e-05
102   5.1000     0.000090    -0.000144     0.000082    -0.000132       0.000127 -3.715308e-05
103   5.1500     0.000082    -0.000132     0.000076    -0.000122       0.000117 -3.457000e-05
104   5.2000     0.000076    -0.000122     0.000070    -0.000112       0.000108 -3.216349e-05
105   5.2500     0.000070    -0.000112     0.000064    -0.000103       0.000100 -2.992176e-05
106   5.3000     0.000064    -0.000103     0.000059    -0.000095       0.000092 -2.783376e-05
107   5.3500     0.000059    -0.000095     0.000054    -0.000087       0.000085 -2.588919e-05
108   5.4000     0.000054    -0.000087     0.000050    -0.000080       0.000078 -2.407839e-05
109   5.4500     0.000050    -0.000080     0.000046    -0.000074       0.000072 -2.239234e-05
110   5.5000     0.000046    -0.000074     0.000042    -0.000068       0.000067 -2.082261e-05
111   5.5500     0.000042    -0.000068     0.000039    -0.000062       0.000062 -1.936134e-05
112   5.6000     0.000039    -0.000062     0.000036    -0.000057       0.000057 -1.800118e-05
113   5.6500     0.000036    -0.000057     0.000033    -0.000053       0.000052 -1.673524e-05
114   5.7000     0.000033    -0.000053     0.000030    -0.000048       0.000048 -1.555713e-05
115   5.7500     0.000030    -0.000048     0.000028    -0.000045       0.000045 -1.446085e-05
116   5.8000     0.000028    -0.000045     0.000026    -0.000041       0.000041 -1.344082e-05
117   5.8500     0.000026    -0.000041     0.000024    -0.000038       0.000038 -1.249183e-05
118   5.9000     0.000024    -0.000038     0.000022    -0.000035       0.000035 -1.160900e-05
119   5.9500     0.000022    -0.000035     0.000020    -0.000032       0.000032 -1.078780e-05
120   6.0000     0.000020    -0.000032     0.000018    -0.000029       0.000030 -1.002399e-05
121   6.0500     0.000018    -0.000029     0.000017    -0.000027       0.000028 -9.313617e-06
122   6.1000     0.000017    -0.000027     0.000015    -0.000025       0.000025 -8.653007e-06
123   6.1500     0.000015    -0.000025     0.000014    -0.000023       0.000024 -8.038720e-06
124   6.2000     0.000014    -0.000023     0.000013    -0.000021       0.000022 -7.467556e-06
125   6.2500     0.000013    -0.000021     0.000012    -0.000019       0.000020 -6.936530e-06
126   6.3000     0.000012    -0.000019     0.000011    -0.000018       0.000018 -6.442858e-06
127   6.3500     0.000011    -0.000018     0.000010    -0.000016       0.000017 -5.983950e-06
128   6.4000     0.000010    -0.000016     0.000009    -0.000015       0.000016 -5.557390e-06
129   6.4500     0.000009    -0.000015     0.000009    -0.000014       0.000015 -5.160926e-06
130   6.5000     0.000009    -0.000014     0.000008    -0.000013       0.000013 -4.792462e-06
131   6.5500     0.000008    -0.000013     0.000007    -0.000012       0.000012 -4.450046e-06
132   6.6000     0.000007    -0.000012     0.000007    -0.000011       0.000011 -4.131858e-06
133   6.6500     0.000007    -0.000011     0.000006    -0.000010       0.000011 -3.836205e-06
134   6.7000     0.000006    -0.000010     0.000006    -0.000009       0.000010 -3.561509e-06
135   6.7500     0.000006    -0.000009     0.000005    -0.000008       0.000009 -3.306302e-06
136   6.8000     0.000005    -0.000008     0.000005    -0.000008       0.000008 -3.069217e-06
137   6.8500     0.000005    -0.000008     0.000004    -0.000007       0.000008 -2.848981e-06
138   6.9000     0.000004    -0.000007     0.000004    -0.000007       0.000007 -2.644410e-06
139   6.9500     0.000004    -0.000007     0.000004    -0.000006       0.000007 -2.454402e-06
140   7.0000     0.000004    -0.000006     0.000003    -0.000006       0.000006 -2.277930e-06
141   7.0500     0.000003    -0.000006     0.000003    -0.000005       0.000006 -2.114041e-06
142   7.1000     0.000003    -0.000005     0.000003    -0.000005       0.000005 -1.961847e-06
143   7.1500     0.000003    -0.000005     0.000003    -0.000004       0.000005 -1.820520e-06
144   7.2000     0.000003    -0.000004     0.000002    -0.000004       0.000004 -1.689294e-06
145   7.2500     0.000002    -0.000004     0.000002    -0.000004       0.000004 -1.567452e-06
146   7.3000     0.000002    -0.000004     0.000002    -0.000003       0.000004 -1.454331e-06
147   7.3500     0.000002    -0.000003     0.000002    -0.000003       0.000003 -1.349311e-06
148   7.4000     0.000002    -0.000003     0.000002    -0.000003       0.000003 -1.251818e-06
149   7.4500     0.000002    -0.000003     0.000002    -0.000003       0.000003 -1.161318e-06
150   7.5000     0.000002    -0.000003     0.000001    -0.000002       0.000003 -1.077313e-06
151   7.5500     0.000001    -0.000002     0.000001    -0.000002       0.000002 -9.993408e-07
152   7.6000     0.000001    -0.000002     0.000001    -0.000002       0.000002 -9.269723e-07
153   7.6500     0.000001    -0.000002     0.000001    -0.000002       0.000002 -8.598080e-07
154   7.7000     0.000001    -0.000002     0.000001    -0.000002       0.000002 -7.974769e-07
155   7.7500     0.000001    -0.000002     0.000001    -0.000002       0.000002 -7.396339e-07
156   7.8000     0.000001    -0.000002     0.000001    -0.000001       0.000002 -6.859586e-07
157   7.8500     0.000001    -0.000001     0.000001    -0.000001       0.000002 -6.361529e-07
158   7.9000     0.000001    -0.000001     0.000001    -0.000001       0.000001 -5.899401e-07
159   7.9500     0.000001    -0.000001     0.000001    -0.000001       0.000001 -5.470630e-07
160   8.0000     0.000001    -0.000001     0.000001    -0.000001       0.000001 -5.072826e-07
161   8.0500     0.000001    -0.000001     0.000001    -0.000001       0.000001 -4.703770e-07
162   8.1000     0.000001    -0.000001     0.000001    -0.000001       0.000001 -4.361399e-07
163   8.1500     0.000001    -0.000001     0.000001    -0.000001       0.000001 -4.043798e-07
164   8.2000     0.000001    -0.000001     0.000000    -0.000001       0.000001 -3.749188e-07
165   8.2500     0.000000    -0.000001     0.000000    -0.000001       0.000001 -3.475915e-07
166   8.3000     0.000000    -0.000001     0.000000    -0.000001       0.000001 -3.222445e-07
167   8.3500     0.000000    -0.000001     0.000000    -0.000001       0.000001 -2.987354e-07
168   8.4000     0.000000    -0.000001     0.000000    -0.000001       0.000001 -2.769316e-07
169   8.4500     0.000000    -0.000001     0.000000    -0.000000       0.000001 -2.567104e-07
170   8.5000     0.000000    -0.000000     0.000000    -0.000000       0.000001 -2.379576e-07
171   8.5500     0.000000    -0.000000     0.000000    -0.000000       0.000001 -2.205673e-07
172   8.6000     0.000000    -0.000000     0.000000    -0.000000       0.000000 -2.044411e-07
173   8.6500     0.000000    -0.000000     0.000000    -0.000000       0.000000 -1.894877e-07
174   8.7000     0.000000    -0.000000     0.000000    -0.000000       0.000000 -1.756223e-07
175   8.7500     0.000000    -0.000000     0.000000    -0.000000       0.000000 -1.627663e-07
176   8.8000     0.000000    -0.000000     0.000000    -0.000000       0.000000 -1.508466e-07
177   8.8500     0.000000    -0.000000     0.000000    -0.000000       0.000000 -1.397954e-07
178   8.9000     0.000000    -0.000000     0.000000    -0.000000       0.000000 -1.295498e-07
179   8.9500     0.000000    -0.000000     0.000000    -0.000000       0.000000 -1.200515e-07
180   9.0000     0.000000    -0.000000     0.000000    -0.000000       0.000000 -1.112462e-07
181   9.0500     0.000000    -0.000000     0.000000    -0.000000       0.000000 -1.030836e-07
182   9.1000     0.000000    -0.000000     0.000000    -0.000000       0.000000 -9.551711e-08
183   9.1500     0.000000    -0.000000     0.000000    -0.000000       0.000000 -8.850344e-08
184   9.2000     0.000000    -0.000000     0.000000    -0.000000       0.000000 -8.200240e-08
185   9.2500     0.000000    -0.000000     0.000000    -0.000000       0.000000 -7.597672e-08
186   9.3000     0.000000    -0.000000     0.000000    -0.000000       0.000000 -7.039183e-08
187   9.3500     0.000000    -0.000000     0.000000    -0.000000       0.000000 -6.521565e-08
188   9.4000     0.000000    -0.000000     0.000000    -0.000000       0.000000 -6.041842e-08
189   9.4500     0.000000    -0.000000     0.000000    -0.000000       0.000000 -5.597255e-08
190   9.5000     0.000000    -0.000000     0.000000    -0.000000       0.000000 -5.185242e-08
191   9.5500     0.000000    -0.000000     0.000000    -0.000000       0.000000 -4.803428e-08
192   9.6000     0.000000    -0.000000     0.000000    -0.000000       0.000000 -4.449612e-08
193   9.6500     0.000000    -0.000000     0.000000    -0.000000       0.000000 -4.121749e-08
194   9.7000     0.000000    -0.000000     0.000000    -0.000000       0.000000 -3.817946e-08
195   9.7500     0.000000    -0.000000     0.000000    -0.000000       0.000000 -3.536445e-08
196   9.8000     0.000000    -0.000000     0.000000    -0.000000       0.000000 -3.275615e-08
197   9.8500     0.000000    -0.000000     0.000000    -0.000000       0.000000 -3.033947e-08
198   9.9000     0.000000    -0.000000     0.000000    -0.000000       0.000000 -2.810040e-08
199   9.9500     0.000000    -0.000000     0.000000    -0.000000       0.000000 -2.602592e-08
