  n        t          u^n          v^n      u^(n+1)      v^(n+1)           y(t)        error
  0   0.0000     0.010000     1.000000     0.034687     0.975285       0.010000 -8.673617e-18
  1   0.0250     0.034687     0.975285     0.058764     0.951149       0.034690 -2.380010e-06
  2   0.0500     0.058764     0.951149     0.082245     0.927580       0.058769 -4.646588e-06
  3   0.0750     0.082245     0.927580     0.105143     0.904565       0.082252 -6.803744e-06
  4   0.1000     0.105143     0.904565     0.127473     0.882089       0.105152 -8.855359e-06
  5   0.1250     0.127473     0.882089     0.149247     0.860142       0.127484 -1.080520e-05
  6   0.1500     0.149247     0.860142     0.170480     0.838709       0.149260 -1.265689e-05
  7   0.1750     0.170480     0.838709     0.191183     0.817780       0.170494 -1.441398e-05
  8   0.2000     0.191183     0.817780     0.211369     0.797342       0.191199 -1.607988e-05
  9   0.2250     0.211369     0.797342     0.231050     0.777384       0.211386 -1.765789e-05
 10   0.2500     0.231050     0.777384     0.250238     0.757895       0.231069 -1.915123e-05
 11   0.2750     0.250238     0.757895     0.268945     0.738864       0.250258 -2.056298e-05
 12   0.3000     0.268945     0.738864     0.287181     0.720280       0.268966 -2.189615e-05
 13   0.3250     0.287181     0.720280     0.304959     0.702132       0.287204 -2.315366e-05
 14   0.3500     0.304959     0.702132     0.322288     0.684411       0.304983 -2.433831e-05
 15   0.3750     0.322288     0.684411     0.339179     0.667106       0.322313 -2.545283e-05
 16   0.4000     0.339179     0.667106     0.355643     0.650208       0.339205 -2.649985e-05
 17   0.4250     0.355643     0.650208     0.371689     0.633707       0.355670 -2.748193e-05
 18   0.4500     0.371689     0.633707     0.387328     0.617593       0.371718 -2.840153e-05
 19   0.4750     0.387328     0.617593     0.402569     0.601859       0.387357 -2.926105e-05
