  n        t          u^n          v^n      u^(n+1)      v^(n+1)           y(t)        error
  0   0.0000     0.010000     1.000000     0.060000     0.721875       0.010000 -8.673617e-18
  1   0.0500     0.060000     0.721875     0.096094     0.504609       0.053529 6.470917e-03
  2   0.1000     0.096094     0.504609     0.121324     0.335813       0.085862 1.023148e-02
  3   0.1500     0.121324     0.335813     0.138115     0.205550       0.109250 1.207398e-02
  4   0.2000     0.138115     0.205550     0.148392     0.105863       0.125525 1.259025e-02
  5   0.2500     0.148392     0.105863     0.153686     0.030378       0.136174 1.221874e-02
  6   0.3000     0.153686     0.030378     0.155204    -0.026003       0.142405 1.128099e-02
  7   0.3500     0.155204    -0.026003     0.153904    -0.067353       0.145195 1.000990e-02
  8   0.4000     0.153904    -0.067353     0.150537    -0.096926       0.145333 8.571448e-03
  9   0.4500     0.150537    -0.096926     0.145690    -0.117314       0.143455 7.081485e-03
