  n        t          u^n          v^n      u^(n+1)      v^(n+1)           y(t)        error
  0   0.0000     0.010000     1.000000     0.058749     0.951163       0.010000 -8.673617e-18
  1   0.0500     0.058749     0.951163     0.105115     0.904591       0.058769 -1.941021e-05
  2   0.1000     0.105115     0.904591     0.149207     0.860180       0.105152 -3.701687e-05
  3   0.1500     0.149207     0.860180     0.191132     0.817828       0.149260 -5.294530e-05
  4   0.2000     0.191132     0.817828     0.230989     0.777442       0.191199 -6.731308e-05
  5   0.2500     0.230989     0.777442     0.268875     0.738930       0.231069 -8.023052e-05
  6   0.3000     0.268875     0.738930     0.304881     0.702206       0.268966 -9.180104e-05
  7   0.3500     0.304881     0.702206     0.339094     0.667186       0.304983 -1.021216e-04
  8   0.4000     0.339094     0.667186     0.371598     0.633793       0.339205 -1.112832e-04
  9   0.4500     0.371598     0.633793     0.402473     0.601950       0.371718 -1.193708e-04
 10   0.5000     0.402473     0.601950     0.431792     0.571586       0.402599 -1.264642e-04
 11   0.5500     0.431792     0.571586     0.459630     0.542633       0.431925 -1.326382e-04
 12   0.6000     0.459630     0.542633     0.486055     0.515026       0.459768 -1.379626e-04
 13   0.6500     0.486055     0.515026     0.511132     0.488701       0.486197 -1.425028e-04
 14   0.7000     0.511132     0.488701     0.534924     0.463601       0.511278 -1.463199e-04
 15   0.7500     0.534924     0.463601     0.557491     0.439667       0.535074 -1.494712e-04
 16   0.8000     0.557491     0.439667     0.578890     0.416847       0.557643 -1.520101e-04
 17   0.8500     0.578890     0.416847     0.599175     0.395089       0.579044 -1.539865e-04
 18   0.9000     0.599175     0.395089     0.618399     0.374343       0.599331 -1.554470e-04
 19   0.9500     0.618399     0.374343     0.636609     0.354563       0.618555 -1.564351e-04
 20   1.0000     0.636609     0.354563     0.653854     0.335704       0.636766 -1.569914e-04
 21   1.0500     0.653854     0.335704     0.670179     0.317724       0.654011 -1.571538e-04
 22   1.1000     0.670179     0.317724     0.685626     0.300581       0.670336 -1.569575e-04
 23   1.1500     0.685626     0.300581     0.700237     0.284238       0.685783 -1.564353e-04
 24   1.2000     0.700237     0.284238     0.714049     0.268657       0.700392 -1.556179e-04
 25   1.2500     0.714049     0.268657     0.727102     0.253802       0.714204 -1.545337e-04
 26   1.3000     0.727102     0.253802     0.739429     0.239641       0.727255 -1.532090e-04
 27   1.3500     0.739429     0.239641     0.751066     0.226142       0.739581 -1.516686e-04
 28   1.4000     0.751066     0.226142     0.762043     0.213272       0.751216 -1.499352e-04
 29   1.4500     0.762043     0.213272     0.772392     0.201004       0.762191 -1.480299e-04
 30   1.5000     0.772392     0.201004     0.782143     0.189310       0.772538 -1.459724e-04
 31   1.5500     0.782143     0.189310     0.791323     0.178163       0.782287 -1.437808e-04
 32   1.6000     0.791323     0.178163     0.799959     0.167538       0.791465 -1.414720e-04
 33   1.6500     0.799959     0.167538     0.808077     0.157410       0.800098 -1.390615e-04
 34   1.7000     0.808077     0.157410     0.815700     0.147757       0.808213 -1.365636e-04
 35   1.7500     0.815700     0.147757     0.822852     0.138556       0.815834 -1.339917e-04
 36   1.8000     0.822852     0.138556     0.829555     0.129787       0.822983 -1.313579e-04
 37   1.8500     0.829555     0.129787     0.835830     0.121430       0.829684 -1.286735e-04
 38   1.9000     0.835830     0.121430     0.841698     0.113465       0.835956 -1.259487e-04
 39   1.9500     0.841698     0.113465     0.847177     0.105875       0.841821 -1.231932e-04
