  n        t          u^n          v^n      u^(n+1)      v^(n+1)           y(t)        error
  0   0.0000     0.010000     1.000000     0.060000     0.949975       0.010000 -8.673617e-18
  1   0.0500     0.060000     0.949975     0.107499     0.902326       0.058769 1.231215e-03
  2   0.1000     0.107499     0.902326     0.152615     0.856941       0.105152 2.346828e-03
  3   0.1500     0.152615     0.856941     0.195462     0.813713       0.149260 3.354957e-03
  4   0.2000     0.195462     0.813713     0.236148     0.772538       0.191199 4.263214e-03
  5   0.2500     0.236148     0.772538     0.274775     0.733321       0.231069 5.078733e-03
  6   0.3000     0.274775     0.733321     0.311441     0.695968       0.268966 5.808201e-03
  7   0.3500     0.311441     0.695968     0.346239     0.660391       0.304983 6.457879e-03
  8   0.4000     0.346239     0.660391     0.379259     0.626506       0.339205 7.033633e-03
  9   0.4500     0.379259     0.626506     0.410584     0.594232       0.371718 7.540953e-03
 10   0.5000     0.410584     0.594232     0.440296     0.563494       0.402599 7.984978e-03
 11   0.5500     0.440296     0.563494     0.468470     0.534219       0.431925 8.370516e-03
 12   0.6000     0.468470     0.534219     0.495181     0.506337       0.459768 8.702063e-03
 13   0.6500     0.495181     0.506337     0.520498     0.479782       0.486197 8.983822e-03
 14   0.7000     0.520498     0.479782     0.544487     0.454492       0.511278 9.219723e-03
 15   0.7500     0.544487     0.454492     0.567212     0.430406       0.535074 9.413433e-03
 16   0.8000     0.567212     0.430406     0.588732     0.407468       0.557643 9.568381e-03
 17   0.8500     0.588732     0.407468     0.609105     0.385622       0.579044 9.687764e-03
 18   0.9000     0.609105     0.385622     0.628387     0.364818       0.599331 9.774566e-03
 19   0.9500     0.628387     0.364818     0.646627     0.345007       0.618555 9.831570e-03
 20   1.0000     0.646627     0.345007     0.663878     0.326140       0.636766 9.861368e-03
 21   1.0500     0.663878     0.326140     0.680185     0.308173       0.654011 9.866377e-03
 22   1.1000     0.680185     0.308173     0.695593     0.291064       0.670336 9.848846e-03
 23   1.1500     0.695593     0.291064     0.710147     0.274772       0.685783 9.810869e-03
 24   1.2000     0.710147     0.274772     0.723885     0.259258       0.700392 9.754391e-03
 25   1.2500     0.723885     0.259258     0.736848     0.244485       0.714204 9.681222e-03
 26   1.3000     0.736848     0.244485     0.749072     0.230419       0.727255 9.593043e-03
 27   1.3500     0.749072     0.230419     0.760593     0.217025       0.739581 9.491412e-03
 28   1.4000     0.760593     0.217025     0.771445     0.204272       0.751216 9.377778e-03
 29   1.4500     0.771445     0.204272     0.781658     0.192130       0.762191 9.253479e-03
 30   1.5000     0.781658     0.192130     0.791265     0.180570       0.772538 9.119758e-03
 31   1.5500     0.791265     0.180570     0.800293     0.169563       0.782287 8.977763e-03
 32   1.6000     0.800293     0.169563     0.808771     0.159084       0.791465 8.828557e-03
 33   1.6500     0.808771     0.159084     0.816726     0.149108       0.800098 8.673119e-03
 34   1.7000     0.816726     0.149108     0.824181     0.139611       0.808213 8.512354e-03
 35   1.7500     0.824181     0.139611     0.831161     0.130570       0.815834 8.347096e-03
 36   1.8000     0.831161     0.130570     0.837690     0.121963       0.822983 8.178112e-03
 37   1.8500     0.837690     0.121963     0.843788     0.113771       0.829684 8.006107e-03
 38   1.9000     0.843788     0.113771     0.849477     0.105973       0.835956 7.831730e-03
 39   1.9500     0.849477     0.105973     0.854775     0.098551       0.841821 7.655572e-03
