  n        t          u^n          v^n      u^(n+1)      v^(n+1)           y(t)        error
  0   0.0000     0.010000     1.000000     0.082187     0.565469       0.010000 -8.673617e-18
  1   0.1000     0.082187     0.565469     0.120616     0.285076       0.085862 -3.674768e-03
  2   0.2000     0.120616     0.285076     0.137514     0.107839       0.125525 -4.908972e-03
  3   0.3000     0.137514     0.107839     0.141035    -0.000843       0.142405 -4.890118e-03
  4   0.4000     0.141035    -0.000843     0.136567    -0.064387       0.145333 -4.297411e-03
  5   0.5000     0.136567    -0.064387     0.127631    -0.098583       0.140072 -3.504771e-03
  6   0.6000     0.127631    -0.098583     0.116495    -0.114025       0.130337 -2.706183e-03
  7   0.7000     0.116495    -0.114025     0.104588    -0.117781       0.118488 -1.992220e-03
  8   0.8000     0.104588    -0.117781     0.092781    -0.114527       0.105984 -1.396131e-03
  9   0.9000     0.092781    -0.114527     0.081578    -0.107322       0.093702 -9.210921e-04
 10   1.0000     0.081578    -0.107322     0.071248    -0.098138       0.082134 -5.559440e-04
 11   1.1000     0.071248    -0.098138     0.061906    -0.088223       0.071532 -2.839777e-04
 12   1.2000     0.061906    -0.088223     0.053576    -0.078339       0.061994 -8.759185e-05
 13   1.3000     0.053576    -0.078339     0.046222    -0.068929       0.053526 4.944147e-05
 14   1.4000     0.046222    -0.068929     0.039780    -0.060234       0.046081 1.410558e-04
 15   1.5000     0.039780    -0.060234     0.034170    -0.052359       0.039581 1.986897e-04
 16   1.6000     0.034170    -0.052359     0.029306    -0.045328       0.033939 2.314429e-04
 17   1.7000     0.029306    -0.045328     0.025104    -0.039116       0.029060 2.463840e-04
 18   1.8000     0.025104    -0.039116     0.021484    -0.033672       0.024855 2.488986e-04
 19   1.9000     0.021484    -0.033672     0.018371    -0.028928       0.021241 2.430209e-04
