  n        t          u^n          v^n      u^(n+1)      v^(n+1)           y(t)        error
  0   0.0000     0.010000     1.000000     0.052500     0.612500       0.010000 0.000000e+00
  1   0.0500     0.052500     0.612500     0.072734     0.172266       0.051293 1.207141e-03
  2   0.1000     0.072734     0.172266     0.071179    -0.205164       0.072340 3.943756e-04
  3   0.1500     0.071179    -0.205164     0.053306    -0.446048       0.073060 -1.881036e-03
  4   0.2000     0.053306    -0.446048     0.027128    -0.525932       0.057794 -4.487941e-03
  5   0.2500     0.027128    -0.525932     0.000728    -0.463828       0.033384 -6.256173e-03
  6   0.3000     0.000728    -0.463828    -0.019656    -0.307570       0.007142 -6.414343e-03
  7   0.3500    -0.019656    -0.307570    -0.030655    -0.115848      -0.014843 -4.813023e-03
  8   0.4000    -0.030655    -0.115848    -0.031892     0.058091      -0.028749 -1.905964e-03
  9   0.4500    -0.031892     0.058091    -0.025364     0.177648      -0.033351 1.459732e-03
