  n        t          u^n          v^n      u^(n+1)      v^(n+1)           y(t)        error
  0   0.0000     0.010000     1.000000     0.110000     0.443750       0.010000 -8.673617e-18
  1   0.1000     0.110000     0.443750     0.154375     0.130937       0.085862 2.413773e-02
  2   0.2000     0.154375     0.130937     0.167469    -0.037563       0.125525 2.885040e-02
  3   0.3000     0.167469    -0.037563     0.163712    -0.121571       0.142405 2.506424e-02
  4   0.4000     0.163712    -0.121571     0.151555    -0.157027       0.145333 1.837967e-02
  5   0.5000     0.151555    -0.157027     0.135853    -0.165384       0.140072 1.148365e-02
  6   0.6000     0.135853    -0.165384     0.119314    -0.159331       0.130337 5.515292e-03
  7   0.7000     0.119314    -0.159331     0.103381    -0.146270       0.118488 8.265221e-04
  8   0.8000     0.103381    -0.146270     0.088754    -0.130435       0.105984 -2.603188e-03
  9   0.9000     0.088754    -0.130435     0.075711    -0.114167       0.093702 -4.947658e-03
 10   1.0000     0.075711    -0.114167     0.064294    -0.098694       0.082134 -6.423404e-03
 11   1.1000     0.064294    -0.098694     0.054424    -0.084596       0.071532 -7.238011e-03
 12   1.2000     0.054424    -0.084596     0.045965    -0.072084       0.061994 -7.569526e-03
 13   1.3000     0.045965    -0.072084     0.038757    -0.061166       0.053526 -7.561356e-03
 14   1.4000     0.038757    -0.061166     0.032640    -0.051747       0.046081 -7.324316e-03
 15   1.5000     0.032640    -0.051747     0.027465    -0.043686       0.039581 -6.941430e-03
 16   1.6000     0.027465    -0.043686     0.023097    -0.036825       0.033939 -6.473317e-03
 17   1.7000     0.023097    -0.036825     0.019414    -0.031006       0.029060 -5.963182e-03
 18   1.8000     0.019414    -0.031006     0.016313    -0.026087       0.024855 -5.441046e-03
 19   1.9000     0.016313    -0.026087     0.013705    -0.021935       0.021241 -4.927142e-03
 20   2.0000     0.013705    -0.021935     0.011511    -0.018436       0.018139 -4.434562e-03
 21   2.1000     0.011511    -0.018436     0.009668    -0.015491       0.015483 -3.971268e-03
 22   2.2000     0.009668    -0.015491     0.008119    -0.013013       0.013209 -3.541598e-03
 23   2.3000     0.008119    -0.013013     0.006817    -0.010930       0.011266 -3.147371e-03
 24   2.4000     0.006817    -0.010930     0.005724    -0.009179       0.009606 -2.788697e-03
 25   2.5000     0.005724    -0.009179     0.004806    -0.007708       0.008189 -2.464561e-03
 26   2.6000     0.004806    -0.007708     0.004036    -0.006473       0.006980 -2.173240e-03
 27   2.7000     0.004036    -0.006473     0.003388    -0.005435       0.005948 -1.912598e-03
 28   2.8000     0.003388    -0.005435     0.002845    -0.004563       0.005069 -1.680289e-03
 29   2.9000     0.002845    -0.004563     0.002388    -0.003831       0.004319 -1.473902e-03
 30   3.0000     0.002388    -0.003831     0.002005    -0.003217       0.003679 -1.291055e-03
 31   3.1000     0.002005    -0.003217     0.001684    -0.002701       0.003135 -1.129455e-03
 32   3.2000     0.001684    -0.002701     0.001413    -0.002268       0.002671 -9.869359e-04
 33   3.3000     0.001413    -0.002268     0.001187    -0.001904       0.002275 -8.614818e-04
 34   3.4000     0.001187    -0.001904     0.000996    -0.001598       0.001938 -7.512354e-04
 35   3.5000     0.000996    -0.001598     0.000836    -0.001342       0.001651 -6.545004e-04
 36   3.6000     0.000836    -0.001342     0.000702    -0.001127       0.001406 -5.697379e-04
 37   3.7000     0.000702    -0.001127     0.000590    -0.000946       0.001198 -4.955596e-04
 38   3.8000     0.000590    -0.000946     0.000495    -0.000794       0.001020 -4.307187e-04
 39   3.9000     0.000495    -0.000794     0.000416    -0.000667       0.000869 -3.741003e-04
 40   4.0000     0.000416    -0.000667     0.000349    -0.000560       0.000740 -3.247105e-04
 41   4.1000     0.000349    -0.000560     0.000293    -0.000470       0.000631 -2.816660e-04
 42   4.2000     0.000293    -0.000470     0.000246    -0.000395       0.000537 -2.441838e-04
 43   4.3000     0.000246    -0.000395     0.000206    -0.000331       0.000458 -2.115712e-04
 44   4.4000     0.000206    -0.000331     0.000173    -0.000278       0.000390 -1.832170e-04
 45   4.5000     0.000173    -0.000278     0.000146    -0.000234       0.000332 -1.585827e-04
 46   4.6000     0.000146    -0.000234     0.000122    -0.000196       0.000283 -1.371946e-04
 47   4.7000     0.000122    -0.000196     0.000103    -0.000165       0.000241 -1.186367e-04
 48   4.8000     0.000103    -0.000165     0.000086    -0.000138       0.000205 -1.025440e-04
 49   4.9000     0.000086    -0.000138     0.000072    -0.000116       0.000175 -8.859718e-05
 50   5.0000     0.000072    -0.000116     0.000061    -0.000097       0.000149 -7.651651e-05
 51   5.1000     0.000061    -0.000097     0.000051    -0.000082       0.000127 -6.605771e-05
 52   5.2000     0.000051    -0.000082     0.000043    -0.000069       0.000108 -5.700748e-05
 53   5.3000     0.000043    -0.000069     0.000036    -0.000058       0.000092 -4.917977e-05
 54   5.4000     0.000036    -0.000058     0.000030    -0.000048       0.000078 -4.241248e-05
 55   5.5000     0.000030    -0.000048     0.000025    -0.000041       0.000067 -3.656444e-05
 56   5.6000     0.000025    -0.000041     0.000021    -0.000034       0.000057 -3.151285e-05
 57   5.7000     0.000021    -0.000034     0.000018    -0.000029       0.000048 -2.715096e-05
 58   5.8000     0.000018    -0.000029     0.000015    -0.000024       0.000041 -2.338602e-05
 59   5.9000     0.000015    -0.000024     0.000013    -0.000020       0.000035 -2.013749e-05
 60   6.0000     0.000013    -0.000020     0.000011    -0.000017       0.000030 -1.733552e-05
 61   6.1000     0.000011    -0.000017     0.000009    -0.000014       0.000025 -1.491953e-05
 62   6.2000     0.000009    -0.000014     0.000007    -0.000012       0.000022 -1.283701e-05
 63   6.3000     0.000007    -0.000012     0.000006    -0.000010       0.000018 -1.104248e-05
 64   6.4000     0.000006    -0.000010     0.000005    -0.000008       0.000016 -9.496579e-06
 65   6.5000     0.000005    -0.000008     0.000004    -0.000007       0.000013 -8.165241e-06
 66   6.6000     0.000004    -0.000007     0.000004    -0.000006       0.000011 -7.018999e-06
 67   6.7000     0.000004    -0.000006     0.000003    -0.000005       0.000010 -6.032383e-06
 68   6.8000     0.000003    -0.000005     0.000003    -0.000004       0.000008 -5.183380e-06
 69   6.9000     0.000003    -0.000004     0.000002    -0.000004       0.000007 -4.452977e-06
 70   7.0000     0.000002    -0.000004     0.000002    -0.000003       0.000006 -3.824756e-06
 71   7.1000     0.000002    -0.000003     0.000002    -0.000002       0.000005 -3.284548e-06
 72   7.2000     0.000002    -0.000002     0.000001    -0.000002       0.000004 -2.820126e-06
 73   7.3000     0.000001    -0.000002     0.000001    -0.000002       0.000004 -2.420944e-06
 74   7.4000     0.000001    -0.000002     0.000001    -0.000001       0.000003 -2.077909e-06
 75   7.5000     0.000001    -0.000001     0.000001    -0.000001       0.000003 -1.783184e-06
 76   7.6000     0.000001    -0.000001     0.000001    -0.000001       0.000002 -1.530015e-06
 77   7.7000     0.000001    -0.000001     0.000001    -0.000001       0.000002 -1.312585e-06
 78   7.8000     0.000001    -0.000001     0.000000    -0.000001       0.000002 -1.125881e-06
 79   7.9000     0.000000    -0.000001     0.000000    -0.000001       0.000001 -9.655921e-07
 80   8.0000     0.000000    -0.000001     0.000000    -0.000001       0.000001 -8.280036e-07
 81   8.1000     0.000000    -0.000001     0.000000    -0.000000       0.000001 -7.099208e-07
 82   8.2000     0.000000    -0.000000     0.000000    -0.000000       0.000001 -6.085951e-07
 83   8.3000     0.000000    -0.000000     0.000000    -0.000000       0.000001 -5.216624e-07
 84   8.4000     0.000000    -0.000000     0.000000    -0.000000       0.000001 -4.470895e-07
 85   8.5000     0.000000    -0.000000     0.000000    -0.000000       0.000001 -3.831289e-07
 86   8.6000     0.000000    -0.000000     0.000000    -0.000000       0.000000 -3.282784e-07
 87   8.7000     0.000000    -0.000000     0.000000    -0.000000       0.000000 -2.812470e-07
 88   8.8000     0.000000    -0.000000     0.000000    -0.000000       0.000000 -2.409257e-07
 89   8.9000     0.000000    -0.000000     0.000000    -0.000000       0.000000 -2.063618e-07
 90   9.0000     0.000000    -0.000000     0.000000    -0.000000       0.000000 -1.767370e-07
 91   9.1000     0.000000    -0.000000     0.000000    -0.000000       0.000000 -1.513488e-07
 92   9.2000     0.000000    -0.000000     0.000000    -0.000000       0.000000 -1.295941e-07
 93   9.3000     0.000000    -0.000000     0.000000    -0.000000       0.000000 -1.109550e-07
 94   9.4000     0.000000    -0.000000     0.000000    -0.000000       0.000000 -9.498722e-08
 95   9.5000     0.000000    -0.000000     0.000000    -0.000000       0.000000 -8.130950e-08
 96   9.6000     0.000000    -0.000000     0.000000    -0.000000       0.000000 -6.959469e-08
 97   9.7000     0.000000    -0.000000     0.000000    -0.000000       0.000000 -5.956220e-08
 98   9.8000     0.000000    -0.000000     0.000000    -0.000000       0.000000 -5.097134e-08
 99   9.9000     0.000000    -0.000000     0.000000    -0.000000       0.000000 -4.361571e-08
