  n        t          u^n          v^n      u^(n+1)      v^(n+1)           y(t)        error
  0   0.0000     0.010000     1.000000     0.035000     0.860938       0.010000 -8.673617e-18
  1   0.0250     0.035000     0.860938     0.056523     0.737090       0.033323 1.676538e-03
  2   0.0500     0.056523     0.737090     0.074951     0.626908       0.053529 2.994354e-03
  3   0.0750     0.074951     0.626908     0.090623     0.528997       0.070944 4.007003e-03
  4   0.1000     0.090623     0.528997     0.103848     0.442100       0.085862 4.761121e-03
  5   0.1250     0.103848     0.442100     0.114901     0.365085       0.098551 5.297252e-03
  6   0.1500     0.114901     0.365085     0.124028     0.296933       0.109250 5.650587e-03
  7   0.1750     0.124028     0.296933     0.131451     0.236725       0.118176 5.851611e-03
  8   0.2000     0.131451     0.236725     0.137369     0.183636       0.125525 5.926677e-03
  9   0.2250     0.137369     0.183636     0.141960     0.136922       0.131471 5.898515e-03
 10   0.2500     0.141960     0.136922     0.145383     0.095914       0.136174 5.786684e-03
 11   0.2750     0.145383     0.095914     0.147781     0.060010       0.139775 5.607960e-03
 12   0.3000     0.147781     0.060010     0.149281     0.028668       0.142405 5.376697e-03
 13   0.3250     0.149281     0.028668     0.149998     0.001401       0.144176 5.105127e-03
 14   0.3500     0.149998     0.001401     0.150033    -0.022229       0.145195 4.803635e-03
 15   0.3750     0.150033    -0.022229     0.149477    -0.042615       0.145552 4.480997e-03
 16   0.4000     0.149477    -0.042615     0.148412    -0.060112       0.145333 4.144595e-03
 17   0.4250     0.148412    -0.060112     0.146909    -0.075036       0.144611 3.800596e-03
 18   0.4500     0.146909    -0.075036     0.145033    -0.087673       0.143455 3.454120e-03
 19   0.4750     0.145033    -0.087673     0.142842    -0.098279       0.141924 3.109380e-03
 20   0.5000     0.142842    -0.098279     0.140385    -0.107085       0.140072 2.769807e-03
 21   0.5250     0.140385    -0.107085     0.137707    -0.114296       0.137946 2.438161e-03
 22   0.5500     0.137707    -0.114296     0.134850    -0.120097       0.135591 2.116629e-03
 23   0.5750     0.134850    -0.120097     0.131848    -0.124654       0.133043 1.806901e-03
 24   0.6000     0.131848    -0.124654     0.128731    -0.128115       0.130337 1.510255e-03
 25   0.6250     0.128731    -0.128115     0.125528    -0.130614       0.127504 1.227608e-03
 26   0.6500     0.125528    -0.130614     0.122263    -0.132268       0.124569 9.595814e-04
 27   0.6750     0.122263    -0.132268     0.118956    -0.133185       0.121557 7.065447e-04
 28   0.7000     0.118956    -0.133185     0.115627    -0.133459       0.118488 4.686575e-04
 29   0.7250     0.115627    -0.133459     0.112290    -0.133175       0.115381 2.459062e-04
 30   0.7500     0.112290    -0.133175     0.108961    -0.132409       0.112252 3.813501e-05
 31   0.7750     0.108961    -0.132409     0.105651    -0.131228       0.109116 -1.549270e-04
 32   0.8000     0.105651    -0.131228     0.102370    -0.129692       0.105984 -3.336430e-04
 33   0.8250     0.102370    -0.129692     0.099128    -0.127854       0.102868 -4.984488e-04
 34   0.8500     0.099128    -0.127854     0.095931    -0.125763       0.099778 -6.498355e-04
 35   0.8750     0.095931    -0.125763     0.092787    -0.123460       0.096720 -7.883355e-04
 36   0.9000     0.092787    -0.123460     0.089701    -0.120982       0.093702 -9.145106e-04
 37   0.9250     0.089701    -0.120982     0.086676    -0.118363       0.090730 -1.028941e-03
 38   0.9500     0.086676    -0.118363     0.083717    -0.115631       0.087808 -1.132218e-03
 39   0.9750     0.083717    -0.115631     0.080826    -0.112813       0.084942 -1.224935e-03
 40   1.0000     0.080826    -0.112813     0.078006    -0.109930       0.082134 -1.307682e-03
 41   1.0250     0.078006    -0.109930     0.075258    -0.107003       0.079387 -1.381045e-03
 42   1.0500     0.075258    -0.107003     0.072583    -0.104049       0.076703 -1.445595e-03
 43   1.0750     0.072583    -0.104049     0.069981    -0.101084       0.074085 -1.501889e-03
 44   1.1000     0.069981    -0.101084     0.067454    -0.098119       0.071532 -1.550469e-03
 45   1.1250     0.067454    -0.098119     0.065001    -0.095167       0.069046 -1.591856e-03
 46   1.1500     0.065001    -0.095167     0.062622    -0.092238       0.066628 -1.626551e-03
 47   1.1750     0.062622    -0.092238     0.060316    -0.089340       0.064277 -1.655036e-03
 48   1.2000     0.060316    -0.089340     0.058083    -0.086480       0.061994 -1.677769e-03
 49   1.2250     0.058083    -0.086480     0.055921    -0.083665       0.059778 -1.695187e-03
 50   1.2500     0.055921    -0.083665     0.053829    -0.080899       0.057628 -1.707705e-03
 51   1.2750     0.053829    -0.080899     0.051807    -0.078186       0.055545 -1.715716e-03
 52   1.3000     0.051807    -0.078186     0.049852    -0.075530       0.053526 -1.719592e-03
 53   1.3250     0.049852    -0.075530     0.047964    -0.072934       0.051572 -1.719682e-03
 54   1.3500     0.047964    -0.072934     0.046140    -0.070400       0.049680 -1.716317e-03
 55   1.3750     0.046140    -0.070400     0.044380    -0.067929       0.047850 -1.709806e-03
 56   1.4000     0.044380    -0.067929     0.042682    -0.065524       0.046081 -1.700440e-03
 57   1.4250     0.042682    -0.065524     0.041044    -0.063183       0.044371 -1.688491e-03
 58   1.4500     0.041044    -0.063183     0.039464    -0.060909       0.042718 -1.674214e-03
 59   1.4750     0.039464    -0.060909     0.037942    -0.058700       0.041122 -1.657844e-03
 60   1.5000     0.037942    -0.058700     0.036474    -0.056557       0.039581 -1.639605e-03
 61   1.5250     0.036474    -0.056557     0.035060    -0.054480       0.038094 -1.619700e-03
 62   1.5500     0.035060    -0.054480     0.033698    -0.052467       0.036659 -1.598323e-03
 63   1.5750     0.033698    -0.052467     0.032387    -0.050518       0.035274 -1.575650e-03
 64   1.6000     0.032387    -0.050518     0.031124    -0.048632       0.033939 -1.551845e-03
 65   1.6250     0.031124    -0.048632     0.029908    -0.046808       0.032651 -1.527060e-03
 66   1.6500     0.029908    -0.046808     0.028738    -0.045045       0.031409 -1.501437e-03
 67   1.6750     0.028738    -0.045045     0.027612    -0.043342       0.030213 -1.475104e-03
 68   1.7000     0.027612    -0.043342     0.026528    -0.041697       0.029060 -1.448181e-03
 69   1.7250     0.026528    -0.041697     0.025486    -0.040108       0.027949 -1.420778e-03
 70   1.7500     0.025486    -0.040108     0.024483    -0.038576       0.026879 -1.392995e-03
 71   1.7750     0.024483    -0.038576     0.023519    -0.037097       0.025848 -1.364924e-03
 72   1.8000     0.023519    -0.037097     0.022591    -0.035671       0.024855 -1.336651e-03
 73   1.8250     0.022591    -0.035671     0.021699    -0.034296       0.023899 -1.308251e-03
 74   1.8500     0.021699    -0.034296     0.020842    -0.032971       0.022979 -1.279796e-03
 75   1.8750     0.020842    -0.032971     0.020018    -0.031694       0.022093 -1.251349e-03
 76   1.9000     0.020018    -0.031694     0.019225    -0.030464       0.021241 -1.222968e-03
 77   1.9250     0.019225    -0.030464     0.018464    -0.029279       0.020420 -1.194705e-03
 78   1.9500     0.018464    -0.029279     0.017732    -0.028138       0.019630 -1.166609e-03
 79   1.9750     0.017732    -0.028138     0.017028    -0.027040       0.018870 -1.138720e-03
 80   2.0000     0.017028    -0.027040     0.016352    -0.025982       0.018139 -1.111079e-03
 81   2.0250     0.016352    -0.025982     0.015703    -0.024965       0.017436 -1.083717e-03
 82   2.0500     0.015703    -0.024965     0.015079    -0.023986       0.016759 -1.056667e-03
 83   2.0750     0.015079    -0.023986     0.014479    -0.023044       0.016109 -1.029954e-03
 84   2.1000     0.014479    -0.023044     0.013903    -0.022138       0.015483 -1.003603e-03
 85   2.1250     0.013903    -0.022138     0.013349    -0.021266       0.014881 -9.776334e-04
 86   2.1500     0.013349    -0.021266     0.012818    -0.020428       0.014302 -9.520637e-04
 87   2.1750     0.012818    -0.020428     0.012307    -0.019622       0.013745 -9.269093e-04
 88   2.2000     0.012307    -0.019622     0.011817    -0.018847       0.013209 -9.021832e-04
 89   2.2250     0.011817    -0.018847     0.011345    -0.018102       0.012694 -8.778964e-04
 90   2.2500     0.011345    -0.018102     0.010893    -0.017385       0.012199 -8.540579e-04
 91   2.2750     0.010893    -0.017385     0.010458    -0.016697       0.011724 -8.306750e-04
 92   2.3000     0.010458    -0.016697     0.010041    -0.016035       0.011266 -8.077533e-04
 93   2.3250     0.010041    -0.016035     0.009640    -0.015399       0.010826 -7.852969e-04
 94   2.3500     0.009640    -0.015399     0.009255    -0.014788       0.010403 -7.633087e-04
 95   2.3750     0.009255    -0.014788     0.008885    -0.014201       0.009997 -7.417901e-04
 96   2.4000     0.008885    -0.014201     0.008530    -0.013636       0.009606 -7.207417e-04
 97   2.4250     0.008530    -0.013636     0.008189    -0.013094       0.009230 -7.001628e-04
 98   2.4500     0.008189    -0.013094     0.007862    -0.012573       0.008869 -6.800519e-04
 99   2.4750     0.007862    -0.012573     0.007548    -0.012073       0.008522 -6.604068e-04
100   2.5000     0.007548    -0.012073     0.007246    -0.011592       0.008189 -6.412244e-04
101   2.5250     0.007246    -0.011592     0.006956    -0.011131       0.007868 -6.225009e-04
102   2.5500     0.006956    -0.011131     0.006678    -0.010687       0.007560 -6.042321e-04
103   2.5750     0.006678    -0.010687     0.006411    -0.010261       0.007264 -5.864131e-04
104   2.6000     0.006411    -0.010261     0.006154    -0.009852       0.006980 -5.690386e-04
105   2.6250     0.006154    -0.009852     0.005908    -0.009459       0.006706 -5.521028e-04
106   2.6500     0.005908    -0.009459     0.005671    -0.009081       0.006443 -5.355997e-04
107   2.6750     0.005671    -0.009081     0.005444    -0.008719       0.006191 -5.195228e-04
108   2.7000     0.005444    -0.008719     0.005226    -0.008370       0.005948 -5.038655e-04
109   2.7250     0.005226    -0.008370     0.005017    -0.008036       0.005715 -4.886208e-04
110   2.7500     0.005017    -0.008036     0.004816    -0.007715       0.005491 -4.737816e-04
111   2.7750     0.004816    -0.007715     0.004623    -0.007407       0.005275 -4.593407e-04
112   2.8000     0.004623    -0.007407     0.004438    -0.007111       0.005069 -4.452906e-04
113   2.8250     0.004438    -0.007111     0.004260    -0.006826       0.004870 -4.316238e-04
114   2.8500     0.004260    -0.006826     0.004090    -0.006553       0.004679 -4.183327e-04
115   2.8750     0.004090    -0.006553     0.003926    -0.006291       0.004495 -4.054097e-04
116   2.9000     0.003926    -0.006291     0.003769    -0.006040       0.004319 -3.928471e-04
117   2.9250     0.003769    -0.006040     0.003618    -0.005798       0.004149 -3.806371e-04
118   2.9500     0.003618    -0.005798     0.003473    -0.005566       0.003986 -3.687721e-04
119   2.9750     0.003473    -0.005566     0.003333    -0.005343       0.003830 -3.572443e-04
120   3.0000     0.003333    -0.005343     0.003200    -0.005129       0.003679 -3.460461e-04
121   3.0250     0.003200    -0.005129     0.003072    -0.004924       0.003535 -3.351698e-04
122   3.0500     0.003072    -0.004924     0.002948    -0.004727       0.003396 -3.246080e-04
123   3.0750     0.002948    -0.004727     0.002830    -0.004538       0.003263 -3.143531e-04
124   3.1000     0.002830    -0.004538     0.002717    -0.004356       0.003135 -3.043976e-04
125   3.1250     0.002717    -0.004356     0.002608    -0.004182       0.003012 -2.947343e-04
126   3.1500     0.002608    -0.004182     0.002503    -0.004014       0.002893 -2.853558e-04
127   3.1750     0.002503    -0.004014     0.002403    -0.003853       0.002780 -2.762550e-04
128   3.2000     0.002403    -0.003853     0.002307    -0.003699       0.002671 -2.674249e-04
129   3.2250     0.002307    -0.003699     0.002214    -0.003551       0.002566 -2.588584e-04
130   3.2500     0.002214    -0.003551     0.002125    -0.003409       0.002465 -2.505488e-04
131   3.2750     0.002125    -0.003409     0.002040    -0.003272       0.002368 -2.424892e-04
132   3.3000     0.002040    -0.003272     0.001958    -0.003141       0.002275 -2.346732e-04
133   3.3250     0.001958    -0.003141     0.001880    -0.003015       0.002186 -2.270942e-04
134   3.3500     0.001880    -0.003015     0.001805    -0.002894       0.002100 -2.197457e-04
135   3.3750     0.001805    -0.002894     0.001732    -0.002778       0.002017 -2.126217e-04
136   3.4000     0.001732    -0.002778     0.001663    -0.002667       0.001938 -2.057158e-04
137   3.4250     0.001663    -0.002667     0.001596    -0.002560       0.001862 -1.990222e-04
138   3.4500     0.001596    -0.002560     0.001532    -0.002457       0.001789 -1.925349e-04
139   3.4750     0.001532    -0.002457     0.001471    -0.002359       0.001718 -1.862482e-04
140   3.5000     0.001471    -0.002359     0.001412    -0.002264       0.001651 -1.801565e-04
141   3.5250     0.001412    -0.002264     0.001355    -0.002174       0.001586 -1.742542e-04
142   3.5500     0.001355    -0.002174     0.001301    -0.002086       0.001524 -1.685360e-04
143   3.5750     0.001301    -0.002086     0.001249    -0.002003       0.001464 -1.629966e-04
144   3.6000     0.001249    -0.002003     0.001199    -0.001922       0.001406 -1.576308e-04
145   3.6250     0.001199    -0.001922     0.001150    -0.001845       0.001351 -1.524338e-04
146   3.6500     0.001150    -0.001845     0.001104    -0.001771       0.001298 -1.474005e-04
147   3.6750     0.001104    -0.001771     0.001060    -0.001700       0.001247 -1.425262e-04
148   3.7000     0.001060    -0.001700     0.001018    -0.001632       0.001198 -1.378062e-04
149   3.7250     0.001018    -0.001632     0.000977    -0.001567       0.001151 -1.332360e-04
150   3.7500     0.000977    -0.001567     0.000938    -0.001504       0.001106 -1.288112e-04
151   3.7750     0.000938    -0.001504     0.000900    -0.001444       0.001062 -1.245275e-04
152   3.8000     0.000900    -0.001444     0.000864    -0.001386       0.001020 -1.203806e-04
153   3.8250     0.000864    -0.001386     0.000829    -0.001330       0.000980 -1.163665e-04
154   3.8500     0.000829    -0.001330     0.000796    -0.001277       0.000942 -1.124811e-04
155   3.8750     0.000796    -0.001277     0.000764    -0.001226       0.000905 -1.087207e-04
156   3.9000     0.000764    -0.001226     0.000733    -0.001177       0.000869 -1.050814e-04
157   3.9250     0.000733    -0.001177     0.000704    -0.001129       0.000835 -1.015595e-04
158   3.9500     0.000704    -0.001129     0.000676    -0.001084       0.000802 -9.815152e-05
159   3.9750     0.000676    -0.001084     0.000649    -0.001041       0.000771 -9.485392e-05
160   4.0000     0.000649    -0.001041     0.000623    -0.000999       0.000740 -9.166333e-05
161   4.0250     0.000623    -0.000999     0.000598    -0.000959       0.000711 -8.857646e-05
162   4.0500     0.000598    -0.000959     0.000574    -0.000920       0.000683 -8.559013e-05
163   4.0750     0.000574    -0.000920     0.000551    -0.000883       0.000656 -8.270121e-05
164   4.1000     0.000551    -0.000883     0.000529    -0.000848       0.000631 -7.990669e-05
165   4.1250     0.000529    -0.000848     0.000507    -0.000814       0.000606 -7.720364e-05
166   4.1500     0.000507    -0.000814     0.000487    -0.000781       0.000582 -7.458920e-05
167   4.1750     0.000487    -0.000781     0.000468    -0.000750       0.000559 -7.206060e-05
168   4.2000     0.000468    -0.000750     0.000449    -0.000720       0.000537 -6.961515e-05
169   4.2250     0.000449    -0.000720     0.000431    -0.000691       0.000516 -6.725025e-05
170   4.2500     0.000431    -0.000691     0.000413    -0.000663       0.000496 -6.496336e-05
171   4.2750     0.000413    -0.000663     0.000397    -0.000637       0.000476 -6.275201e-05
172   4.3000     0.000397    -0.000637     0.000381    -0.000611       0.000458 -6.061381e-05
173   4.3250     0.000381    -0.000611     0.000366    -0.000587       0.000440 -5.854645e-05
174   4.3500     0.000366    -0.000587     0.000351    -0.000563       0.000422 -5.654767e-05
175   4.3750     0.000351    -0.000563     0.000337    -0.000541       0.000406 -5.461529e-05
176   4.4000     0.000337    -0.000541     0.000323    -0.000519       0.000390 -5.274719e-05
177   4.4250     0.000323    -0.000519     0.000310    -0.000498       0.000374 -5.094131e-05
178   4.4500     0.000310    -0.000498     0.000298    -0.000478       0.000360 -4.919567e-05
179   4.4750     0.000298    -0.000478     0.000286    -0.000459       0.000346 -4.750832e-05
180   4.5000     0.000286    -0.000459     0.000275    -0.000441       0.000332 -4.587739e-05
181   4.5250     0.000275    -0.000441     0.000264    -0.000423       0.000319 -4.430107e-05
182   4.5500     0.000264    -0.000423     0.000253    -0.000406       0.000306 -4.277758e-05
183   4.5750     0.000253    -0.000406     0.000243    -0.000390       0.000294 -4.130522e-05
184   4.6000     0.000243    -0.000390     0.000233    -0.000374       0.000283 -3.988233e-05
185   4.6250     0.000233    -0.000374     0.000224    -0.000359       0.000272 -3.850731e-05
186   4.6500     0.000224    -0.000359     0.000215    -0.000345       0.000261 -3.717860e-05
187   4.6750     0.000215    -0.000345     0.000206    -0.000331       0.000251 -3.589469e-05
188   4.7000     0.000206    -0.000331     0.000198    -0.000318       0.000241 -3.465412e-05
189   4.7250     0.000198    -0.000318     0.000190    -0.000305       0.000231 -3.345546e-05
190   4.7500     0.000190    -0.000305     0.000182    -0.000293       0.000222 -3.229736e-05
191   4.7750     0.000182    -0.000293     0.000175    -0.000281       0.000214 -3.117847e-05
192   4.8000     0.000175    -0.000281     0.000168    -0.000270       0.000205 -3.009752e-05
193   4.8250     0.000168    -0.000270     0.000161    -0.000259       0.000197 -2.905324e-05
194   4.8500     0.000161    -0.000259     0.000155    -0.000248       0.000189 -2.804445e-05
195   4.8750     0.000155    -0.000248     0.000149    -0.000238       0.000182 -2.706995e-05
196   4.9000     0.000149    -0.000238     0.000143    -0.000229       0.000175 -2.612863e-05
197   4.9250     0.000143    -0.000229     0.000137    -0.000220       0.000168 -2.521938e-05
198   4.9500     0.000137    -0.000220     0.000131    -0.000211       0.000161 -2.434115e-05
199   4.9750     0.000131    -0.000211     0.000126    -0.000202       0.000155 -2.349289e-05
200   5.0000     0.000126    -0.000202     0.000121    -0.000194       0.000149 -2.267362e-05
201   5.0250     0.000121    -0.000194     0.000116    -0.000186       0.000143 -2.188237e-05
202   5.0500     0.000116    -0.000186     0.000112    -0.000179       0.000137 -2.111821e-05
203   5.0750     0.000112    -0.000179     0.000107    -0.000172       0.000132 -2.038023e-05
204   5.1000     0.000107    -0.000172     0.000103    -0.000165       0.000127 -1.966757e-05
205   5.1250     0.000103    -0.000165     0.000099    -0.000158       0.000122 -1.897936e-05
206   5.1500     0.000099    -0.000158     0.000095    -0.000152       0.000117 -1.831480e-05
207   5.1750     0.000095    -0.000152     0.000091    -0.000146       0.000112 -1.767310e-05
208   5.2000     0.000091    -0.000146     0.000087    -0.000140       0.000108 -1.705348e-05
209   5.2250     0.000087    -0.000140     0.000084    -0.000134       0.000104 -1.645520e-05
210   5.2500     0.000084    -0.000134     0.000080    -0.000129       0.000100 -1.587754e-05
211   5.2750     0.000080    -0.000129     0.000077    -0.000124       0.000096 -1.531982e-05
212   5.3000     0.000077    -0.000124     0.000074    -0.000119       0.000092 -1.478136e-05
213   5.3250     0.000074    -0.000119     0.000071    -0.000114       0.000088 -1.426150e-05
214   5.3500     0.000071    -0.000114     0.000068    -0.000110       0.000085 -1.375963e-05
215   5.3750     0.000068    -0.000110     0.000066    -0.000105       0.000082 -1.327512e-05
216   5.4000     0.000066    -0.000105     0.000063    -0.000101       0.000078 -1.280740e-05
217   5.4250     0.000063    -0.000101     0.000060    -0.000097       0.000075 -1.235589e-05
218   5.4500     0.000060    -0.000097     0.000058    -0.000093       0.000072 -1.192005e-05
219   5.4750     0.000058    -0.000093     0.000056    -0.000089       0.000069 -1.149934e-05
220   5.5000     0.000056    -0.000089     0.000053    -0.000086       0.000067 -1.109325e-05
221   5.5250     0.000053    -0.000086     0.000051    -0.000082       0.000064 -1.070127e-05
222   5.5500     0.000051    -0.000082     0.000049    -0.000079       0.000062 -1.032294e-05
223   5.5750     0.000049    -0.000079     0.000047    -0.000076       0.000059 -9.957779e-06
224   5.6000     0.000047    -0.000076     0.000045    -0.000073       0.000057 -9.605342e-06
225   5.6250     0.000045    -0.000073     0.000044    -0.000070       0.000055 -9.265195e-06
226   5.6500     0.000044    -0.000070     0.000042    -0.000067       0.000052 -8.936917e-06
227   5.6750     0.000042    -0.000067     0.000040    -0.000064       0.000050 -8.620102e-06
228   5.7000     0.000040    -0.000064     0.000038    -0.000062       0.000048 -8.314356e-06
229   5.7250     0.000038    -0.000062     0.000037    -0.000059       0.000047 -8.019301e-06
230   5.7500     0.000037    -0.000059     0.000035    -0.000057       0.000045 -7.734570e-06
231   5.7750     0.000035    -0.000057     0.000034    -0.000055       0.000043 -7.459807e-06
232   5.8000     0.000034    -0.000055     0.000033    -0.000052       0.000041 -7.194671e-06
233   5.8250     0.000033    -0.000052     0.000031    -0.000050       0.000040 -6.938829e-06
234   5.8500     0.000031    -0.000050     0.000030    -0.000048       0.000038 -6.691962e-06
235   5.8750     0.000030    -0.000048     0.000029    -0.000046       0.000037 -6.453760e-06
236   5.9000     0.000029    -0.000046     0.000028    -0.000045       0.000035 -6.223925e-06
237   5.9250     0.000028    -0.000045     0.000027    -0.000043       0.000034 -6.002167e-06
238   5.9500     0.000027    -0.000043     0.000026    -0.000041       0.000032 -5.788207e-06
239   5.9750     0.000026    -0.000041     0.000025    -0.000039       0.000031 -5.581777e-06
240   6.0000     0.000025    -0.000039     0.000024    -0.000038       0.000030 -5.382614e-06
241   6.0250     0.000024    -0.000038     0.000023    -0.000036       0.000029 -5.190468e-06
242   6.0500     0.000023    -0.000036     0.000022    -0.000035       0.000028 -5.005095e-06
243   6.0750     0.000022    -0.000035     0.000021    -0.000033       0.000027 -4.826260e-06
244   6.1000     0.000021    -0.000033     0.000020    -0.000032       0.000025 -4.653736e-06
245   6.1250     0.000020    -0.000032     0.000019    -0.000031       0.000024 -4.487305e-06
246   6.1500     0.000019    -0.000031     0.000018    -0.000030       0.000024 -4.326754e-06
247   6.1750     0.000018    -0.000030     0.000018    -0.000028       0.000023 -4.171878e-06
248   6.2000     0.000018    -0.000028     0.000017    -0.000027       0.000022 -4.022480e-06
249   6.2250     0.000017    -0.000027     0.000016    -0.000026       0.000021 -3.878370e-06
250   6.2500     0.000016    -0.000026     0.000016    -0.000025       0.000020 -3.739362e-06
251   6.2750     0.000016    -0.000025     0.000015    -0.000024       0.000019 -3.605279e-06
252   6.3000     0.000015    -0.000024     0.000014    -0.000023       0.000018 -3.475949e-06
253   6.3250     0.000014    -0.000023     0.000014    -0.000022       0.000018 -3.351206e-06
254   6.3500     0.000014    -0.000022     0.000013    -0.000021       0.000017 -3.230889e-06
255   6.3750     0.000013    -0.000021     0.000013    -0.000020       0.000016 -3.114843e-06
256   6.4000     0.000013    -0.000020     0.000012    -0.000020       0.000016 -3.002920e-06
257   6.4250     0.000012    -0.000020     0.000012    -0.000019       0.000015 -2.894974e-06
258   6.4500     0.000012    -0.000019     0.000011    -0.000018       0.000015 -2.790867e-06
259   6.4750     0.000011    -0.000018     0.000011    -0.000017       0.000014 -2.690463e-06
260   6.5000     0.000011    -0.000017     0.000010    -0.000017       0.000013 -2.593633e-06
261   6.5250     0.000010    -0.000017     0.000010    -0.000016       0.000013 -2.500250e-06
262   6.5500     0.000010    -0.000016     0.000010    -0.000015       0.000012 -2.410195e-06
263   6.5750     0.000010    -0.000015     0.000009    -0.000015       0.000012 -2.323350e-06
264   6.6000     0.000009    -0.000015     0.000009    -0.000014       0.000011 -2.239601e-06
265   6.6250     0.000009    -0.000014     0.000008    -0.000014       0.000011 -2.158841e-06
266   6.6500     0.000008    -0.000014     0.000008    -0.000013       0.000011 -2.080963e-06
267   6.6750     0.000008    -0.000013     0.000008    -0.000013       0.000010 -2.005867e-06
268   6.7000     0.000008    -0.000013     0.000007    -0.000012       0.000010 -1.933453e-06
269   6.7250     0.000007    -0.000012     0.000007    -0.000012       0.000009 -1.863628e-06
270   6.7500     0.000007    -0.000012     0.000007    -0.000011       0.000009 -1.796300e-06
271   6.7750     0.000007    -0.000011     0.000007    -0.000011       0.000009 -1.731380e-06
272   6.8000     0.000007    -0.000011     0.000006    -0.000010       0.000008 -1.668784e-06
273   6.8250     0.000006    -0.000010     0.000006    -0.000010       0.000008 -1.608430e-06
274   6.8500     0.000006    -0.000010     0.000006    -0.000009       0.000008 -1.550237e-06
275   6.8750     0.000006    -0.000009     0.000006    -0.000009       0.000007 -1.494130e-06
276   6.9000     0.000006    -0.000009     0.000005    -0.000009       0.000007 -1.440035e-06
277   6.9250     0.000005    -0.000009     0.000005    -0.000008       0.000007 -1.387881e-06
278   6.9500     0.000005    -0.000008     0.000005    -0.000008       0.000007 -1.337597e-06
279   6.9750     0.000005    -0.000008     0.000005    -0.000008       0.000006 -1.289119e-06
280   7.0000     0.000005    -0.000008     0.000005    -0.000007       0.000006 -1.242382e-06
281   7.0250     0.000005    -0.000007     0.000004    -0.000007       0.000006 -1.197325e-06
282   7.0500     0.000004    -0.000007     0.000004    -0.000007       0.000006 -1.153887e-06
283   7.0750     0.000004    -0.000007     0.000004    -0.000006       0.000005 -1.112010e-06
284   7.1000     0.000004    -0.000006     0.000004    -0.000006       0.000005 -1.071641e-06
285   7.1250     0.000004    -0.000006     0.000004    -0.000006       0.000005 -1.032724e-06
286   7.1500     0.000004    -0.000006     0.000004    -0.000006       0.000005 -9.952079e-07
287   7.1750     0.000004    -0.000006     0.000003    -0.000006       0.000005 -9.590432e-07
288   7.2000     0.000003    -0.000006     0.000003    -0.000005       0.000004 -9.241815e-07
289   7.2250     0.000003    -0.000005     0.000003    -0.000005       0.000004 -8.905764e-07
290   7.2500     0.000003    -0.000005     0.000003    -0.000005       0.000004 -8.581830e-07
291   7.2750     0.000003    -0.000005     0.000003    -0.000005       0.000004 -8.269581e-07
292   7.3000     0.000003    -0.000005     0.000003    -0.000004       0.000004 -7.968599e-07
293   7.3250     0.000003    -0.000004     0.000003    -0.000004       0.000004 -7.678483e-07
294   7.3500     0.000003    -0.000004     0.000003    -0.000004       0.000003 -7.398843e-07
295   7.3750     0.000003    -0.000004     0.000002    -0.000004       0.000003 -7.129305e-07
296   7.4000     0.000002    -0.000004     0.000002    -0.000004       0.000003 -6.869507e-07
297   7.4250     0.000002    -0.000004     0.000002    -0.000004       0.000003 -6.619102e-07
298   7.4500     0.000002    -0.000004     0.000002    -0.000004       0.000003 -6.377752e-07
299   7.4750     0.000002    -0.000004     0.000002    -0.000003       0.000003 -6.145134e-07
300   7.5000     0.000002    -0.000003     0.000002    -0.000003       0.000003 -5.920935e-07
301   7.5250     0.000002    -0.000003     0.000002    -0.000003       0.000003 -5.704852e-07
302   7.5500     0.000002    -0.000003     0.000002    -0.000003       0.000002 -5.496594e-07
303   7.5750     0.000002    -0.000003     0.000002    -0.000003       0.000002 -5.295881e-07
304   7.6000     0.000002    -0.000003     0.000002    -0.000003       0.000002 -5.102442e-07
305   7.6250     0.000002    -0.000003     0.000002    -0.000003       0.000002 -4.916016e-07
306   7.6500     0.000002    -0.000003     0.000002    -0.000003       0.000002 -4.736351e-07
307   7.6750     0.000002    -0.000003     0.000002    -0.000002       0.000002 -4.563203e-07
308   7.7000     0.000002    -0.000002     0.000001    -0.000002       0.000002 -4.396339e-07
309   7.7250     0.000001    -0.000002     0.000001    -0.000002       0.000002 -4.235532e-07
310   7.7500     0.000001    -0.000002     0.000001    -0.000002       0.000002 -4.080564e-07
311   7.7750     0.000001    -0.000002     0.000001    -0.000002       0.000002 -3.931226e-07
312   7.8000     0.000001    -0.000002     0.000001    -0.000002       0.000002 -3.787314e-07
313   7.8250     0.000001    -0.000002     0.000001    -0.000002       0.000002 -3.648633e-07
314   7.8500     0.000001    -0.000002     0.000001    -0.000002       0.000002 -3.514995e-07
315   7.8750     0.000001    -0.000002     0.000001    -0.000002       0.000001 -3.386217e-07
316   7.9000     0.000001    -0.000002     0.000001    -0.000002       0.000001 -3.262124e-07
317   7.9250     0.000001    -0.000002     0.000001    -0.000002       0.000001 -3.142548e-07
318   7.9500     0.000001    -0.000002     0.000001    -0.000002       0.000001 -3.027325e-07
319   7.9750     0.000001    -0.000002     0.000001    -0.000001       0.000001 -2.916298e-07
320   8.0000     0.000001    -0.000001     0.000001    -0.000001       0.000001 -2.809316e-07
321   8.0250     0.000001    -0.000001     0.000001    -0.000001       0.000001 -2.706231e-07
322   8.0500     0.000001    -0.000001     0.000001    -0.000001       0.000001 -2.606904e-07
323   8.0750     0.000001    -0.000001     0.000001    -0.000001       0.000001 -2.511199e-07
324   8.1000     0.000001    -0.000001     0.000001    -0.000001       0.000001 -2.418984e-07
325   8.1250     0.000001    -0.000001     0.000001    -0.000001       0.000001 -2.330134e-07
326   8.1500     0.000001    -0.000001     0.000001    -0.000001       0.000001 -2.244525e-07
327   8.1750     0.000001    -0.000001     0.000001    -0.000001       0.000001 -2.162042e-07
328   8.2000     0.000001    -0.000001     0.000001    -0.000001       0.000001 -2.082571e-07
329   8.2250     0.000001    -0.000001     0.000001    -0.000001       0.000001 -2.006002e-07
330   8.2500     0.000001    -0.000001     0.000001    -0.000001       0.000001 -1.932231e-07
331   8.2750     0.000001    -0.000001     0.000001    -0.000001       0.000001 -1.861155e-07
332   8.3000     0.000001    -0.000001     0.000001    -0.000001       0.000001 -1.792678e-07
333   8.3250     0.000001    -0.000001     0.000001    -0.000001       0.000001 -1.726705e-07
334   8.3500     0.000001    -0.000001     0.000001    -0.000001       0.000001 -1.663144e-07
335   8.3750     0.000001    -0.000001     0.000000    -0.000001       0.000001 -1.601909e-07
336   8.4000     0.000000    -0.000001     0.000000    -0.000001       0.000001 -1.542915e-07
337   8.4250     0.000000    -0.000001     0.000000    -0.000001       0.000001 -1.486081e-07
338   8.4500     0.000000    -0.000001     0.000000    -0.000001       0.000001 -1.431328e-07
339   8.4750     0.000000    -0.000001     0.000000    -0.000001       0.000001 -1.378579e-07
340   8.5000     0.000000    -0.000001     0.000000    -0.000001       0.000001 -1.327764e-07
341   8.5250     0.000000    -0.000001     0.000000    -0.000001       0.000001 -1.278810e-07
342   8.5500     0.000000    -0.000001     0.000000    -0.000001       0.000001 -1.231651e-07
343   8.5750     0.000000    -0.000001     0.000000    -0.000001       0.000000 -1.186221e-07
344   8.6000     0.000000    -0.000001     0.000000    -0.000001       0.000000 -1.142457e-07
345   8.6250     0.000000    -0.000001     0.000000    -0.000001       0.000000 -1.100298e-07
346   8.6500     0.000000    -0.000001     0.000000    -0.000000       0.000000 -1.059686e-07
347   8.6750     0.000000    -0.000000     0.000000    -0.000000       0.000000 -1.020565e-07
348   8.7000     0.000000    -0.000000     0.000000    -0.000000       0.000000 -9.828799e-08
349   8.7250     0.000000    -0.000000     0.000000    -0.000000       0.000000 -9.465786e-08
350   8.7500     0.000000    -0.000000     0.000000    -0.000000       0.000000 -9.116105e-08
351   8.7750     0.000000    -0.000000     0.000000    -0.000000       0.000000 -8.779271e-08
352   8.8000     0.000000    -0.000000     0.000000    -0.000000       0.000000 -8.454815e-08
353   8.8250     0.000000    -0.000000     0.000000    -0.000000       0.000000 -8.142285e-08
354   8.8500     0.000000    -0.000000     0.000000    -0.000000       0.000000 -7.841244e-08
355   8.8750     0.000000    -0.000000     0.000000    -0.000000       0.000000 -7.551274e-08
356   8.9000     0.000000    -0.000000     0.000000    -0.000000       0.000000 -7.271970e-08
357   8.9250     0.000000    -0.000000     0.000000    -0.000000       0.000000 -7.002942e-08
358   8.9500     0.000000    -0.000000     0.000000    -0.000000       0.000000 -6.743814e-08
359   8.9750     0.000000    -0.000000     0.000000    -0.000000       0.000000 -6.494224e-08
360   9.0000     0.000000    -0.000000     0.000000    -0.000000       0.000000 -6.253824e-08
361   9.0250     0.000000    -0.000000     0.000000    -0.000000       0.000000 -6.022276e-08
362   9.0500     0.000000    -0.000000     0.000000    -0.000000       0.000000 -5.799257e-08
363   9.0750     0.000000    -0.000000     0.000000    -0.000000       0.000000 -5.584455e-08
364   9.1000     0.000000    -0.000000     0.000000    -0.000000       0.000000 -5.377568e-08
365   9.1250     0.000000    -0.000000     0.000000    -0.000000       0.000000 -5.178307e-08
366   9.1500     0.000000    -0.000000     0.000000    -0.000000       0.000000 -4.986393e-08
367   9.1750     0.000000    -0.000000     0.000000    -0.000000       0.000000 -4.801555e-08
368   9.2000     0.000000    -0.000000     0.000000    -0.000000       0.000000 -4.623535e-08
369   9.2250     0.000000    -0.000000     0.000000    -0.000000       0.000000 -4.452083e-08
370   9.2500     0.000000    -0.000000     0.000000    -0.000000       0.000000 -4.286957e-08
371   9.2750     0.000000    -0.000000     0.000000    -0.000000       0.000000 -4.127926e-08
372   9.3000     0.000000    -0.000000     0.000000    -0.000000       0.000000 -3.974766e-08
373   9.3250     0.000000    -0.000000     0.000000    -0.000000       0.000000 -3.827261e-08
374   9.3500     0.000000    -0.000000     0.000000    -0.000000       0.000000 -3.685203e-08
375   9.3750     0.000000    -0.000000     0.000000    -0.000000       0.000000 -3.548393e-08
376   9.4000     0.000000    -0.000000     0.000000    -0.000000       0.000000 -3.416639e-08
377   9.4250     0.000000    -0.000000     0.000000    -0.000000       0.000000 -3.289753e-08
378   9.4500     0.000000    -0.000000     0.000000    -0.000000       0.000000 -3.167557e-08
379   9.4750     0.000000    -0.000000     0.000000    -0.000000       0.000000 -3.049879e-08
380   9.5000     0.000000    -0.000000     0.000000    -0.000000       0.000000 -2.936553e-08
381   9.5250     0.000000    -0.000000     0.000000    -0.000000       0.000000 -2.827418e-08
382   9.5500     0.000000    -0.000000     0.000000    -0.000000       0.000000 -2.722320e-08
383   9.5750     0.000000    -0.000000     0.000000    -0.000000       0.000000 -2.621111e-08
384   9.6000     0.000000    -0.000000     0.000000    -0.000000       0.000000 -2.523648e-08
385   9.6250     0.000000    -0.000000     0.000000    -0.000000       0.000000 -2.429793e-08
386   9.6500     0.000000    -0.000000     0.000000    -0.000000       0.000000 -2.339412e-08
387   9.6750     0.000000    -0.000000     0.000000    -0.000000       0.000000 -2.252378e-08
388   9.7000     0.000000    -0.000000     0.000000    -0.000000       0.000000 -2.168568e-08
389   9.7250     0.000000    -0.000000     0.000000    -0.000000       0.000000 -2.087863e-08
390   9.7500     0.000000    -0.000000     0.000000    -0.000000       0.000000 -2.010148e-08
391   9.7750     0.000000    -0.000000     0.000000    -0.000000       0.000000 -1.935313e-08
392   9.8000     0.000000    -0.000000     0.000000    -0.000000       0.000000 -1.863252e-08
393   9.8250     0.000000    -0.000000     0.000000    -0.000000       0.000000 -1.793863e-08
394   9.8500     0.000000    -0.000000     0.000000    -0.000000       0.000000 -1.727046e-08
395   9.8750     0.000000    -0.000000     0.000000    -0.000000       0.000000 -1.662708e-08
396   9.9000     0.000000    -0.000000     0.000000    -0.000000       0.000000 -1.600757e-08
397   9.9250     0.000000    -0.000000     0.000000    -0.000000       0.000000 -1.541104e-08
398   9.9500     0.000000    -0.000000     0.000000    -0.000000       0.000000 -1.483664e-08
399   9.9750     0.000000    -0.000000     0.000000    -0.000000       0.000000 -1.428357e-08
