  n        t          u^n          v^n      u^(n+1)      v^(n+1)           y(t)        error
  0   0.0000     0.010000     1.000000     0.053047     0.752305       0.010000 -8.673617e-18
  1   0.0500     0.053047     0.752305     0.085076     0.553692       0.053529 -4.822085e-04
  2   0.1000     0.085076     0.553692     0.108289     0.395107       0.085862 -7.866819e-04
  3   0.1500     0.108289     0.395107     0.124482     0.269119       0.109250 -9.613285e-04
  4   0.2000     0.124482     0.269119     0.135115     0.169633       0.125525 -1.042698e-03
  5   0.2500     0.135115     0.169633     0.141375     0.091655       0.136174 -1.058496e-03
  6   0.3000     0.141375     0.091655     0.144223     0.031095       0.142405 -1.029561e-03
  7   0.3500     0.144223     0.031095     0.144437    -0.015396       0.145195 -9.714270e-04
  8   0.4000     0.144437    -0.015396     0.142645    -0.050555       0.145333 -8.955403e-04
  9   0.4500     0.142645    -0.050555     0.139350    -0.076616       0.143455 -8.102190e-04
 10   0.5000     0.139350    -0.076616     0.134958    -0.095404       0.140072 -7.213977e-04
 11   0.5500     0.134958    -0.095404     0.129789    -0.108406       0.135591 -6.332088e-04
 12   0.6000     0.129789    -0.108406     0.124100    -0.116828       0.130337 -5.484323e-04
 13   0.6500     0.124100    -0.116828     0.118092    -0.121654       0.124569 -4.688434e-04
 14   0.7000     0.118092    -0.121654     0.111923    -0.123678       0.118488 -3.954799e-04
 15   0.7500     0.111923    -0.123678     0.105715    -0.123544       0.112252 -3.288464e-04
 16   0.8000     0.105715    -0.123544     0.099562    -0.121769       0.105984 -2.690695e-04
 17   0.8500     0.099562    -0.121769     0.093532    -0.118771       0.099778 -2.160153e-04
 18   0.9000     0.093532    -0.118771     0.087680    -0.114882       0.093702 -1.693769e-04
 19   0.9500     0.087680    -0.114882     0.082040    -0.110368       0.087808 -1.287395e-04
 20   1.0000     0.082040    -0.110368     0.076640    -0.105440       0.082134 -9.362785e-05
 21   1.0500     0.076640    -0.105440     0.071494    -0.100264       0.076703 -6.354037e-05
 22   1.1000     0.071494    -0.100264     0.066612    -0.094969       0.071532 -3.797329e-05
 23   1.1500     0.066612    -0.094969     0.061996    -0.089656       0.066628 -1.643698e-05
 24   1.2000     0.061996    -0.089656     0.057645    -0.084400       0.061994 1.533234e-06
 25   1.2500     0.057645    -0.084400     0.053555    -0.079259       0.057628 1.637058e-05
 26   1.3000     0.053555    -0.079259     0.049718    -0.074275       0.053526 2.847334e-05
 27   1.3500     0.049718    -0.074275     0.046127    -0.069478       0.049680 3.820353e-05
 28   1.4000     0.046127    -0.069478     0.042770    -0.064889       0.046081 4.588716e-05
 29   1.4500     0.042770    -0.064889     0.039638    -0.060519       0.042718 5.181548e-05
 30   1.5000     0.039638    -0.060519     0.036718    -0.056375       0.039581 5.624690e-05
 31   1.5500     0.036718    -0.056375     0.034000    -0.052460       0.036659 5.940932e-05
 32   1.6000     0.034000    -0.052460     0.031472    -0.048771       0.033939 6.150265e-05
 33   1.6500     0.031472    -0.048771     0.029123    -0.045305       0.031409 6.270136e-05
 34   1.7000     0.029123    -0.045305     0.026942    -0.042055       0.029060 6.315706e-05
 35   1.7500     0.026942    -0.042055     0.024918    -0.039013       0.026879 6.300089e-05
 36   1.8000     0.024918    -0.039013     0.023040    -0.036171       0.024855 6.234582e-05
 37   1.8500     0.023040    -0.036171     0.021301    -0.033519       0.022979 6.128877e-05
 38   1.9000     0.021301    -0.033519     0.019689    -0.031048       0.021241 5.991255e-05
 39   1.9500     0.019689    -0.031048     0.018196    -0.028748       0.019630 5.828761e-05
 40   2.0000     0.018196    -0.028748     0.016814    -0.026609       0.018139 5.647366e-05
 41   2.0500     0.016814    -0.026609     0.015535    -0.024622       0.016759 5.452101e-05
 42   2.1000     0.015535    -0.024622     0.014352    -0.022777       0.015483 5.247189e-05
 43   2.1500     0.014352    -0.022777     0.013258    -0.021065       0.014302 5.036153e-05
 44   2.2000     0.013258    -0.021065     0.012246    -0.019477       0.013209 4.821915e-05
 45   2.2500     0.012246    -0.019477     0.011310    -0.018006       0.012199 4.606879e-05
 46   2.3000     0.011310    -0.018006     0.010445    -0.016643       0.011266 4.393008e-05
 47   2.3500     0.010445    -0.016643     0.009646    -0.015381       0.010403 4.181890e-05
 48   2.4000     0.009646    -0.015381     0.008907    -0.014212       0.009606 3.974791e-05
 49   2.4500     0.008907    -0.014212     0.008225    -0.013131       0.008869 3.772706e-05
 50   2.5000     0.008225    -0.013131     0.007594    -0.012131       0.008189 3.576401e-05
 51   2.5500     0.007594    -0.012131     0.007012    -0.011205       0.007560 3.386451e-05
 52   2.6000     0.007012    -0.011205     0.006474    -0.010350       0.006980 3.203269e-05
 53   2.6500     0.006474    -0.010350     0.005977    -0.009559       0.006443 3.027131e-05
 54   2.7000     0.005977    -0.009559     0.005518    -0.008828       0.005948 2.858205e-05
 55   2.7500     0.005518    -0.008828     0.005094    -0.008152       0.005491 2.696564e-05
 56   2.8000     0.005094    -0.008152     0.004703    -0.007528       0.005069 2.542209e-05
 57   2.8500     0.004703    -0.007528     0.004341    -0.006951       0.004679 2.395078e-05
 58   2.9000     0.004341    -0.006951     0.004008    -0.006418       0.004319 2.255059e-05
 59   2.9500     0.004008    -0.006418     0.003699    -0.005926       0.003986 2.122003e-05
 60   3.0000     0.003699    -0.005926     0.003415    -0.005471       0.003679 1.995729e-05
 61   3.0500     0.003415    -0.005471     0.003152    -0.005051       0.003396 1.876036e-05
 62   3.1000     0.003152    -0.005051     0.002910    -0.004663       0.003135 1.762702e-05
 63   3.1500     0.002910    -0.004663     0.002686    -0.004305       0.002893 1.655495e-05
 64   3.2000     0.002686    -0.004305     0.002479    -0.003974       0.002671 1.554176e-05
 65   3.2500     0.002479    -0.003974     0.002289    -0.003669       0.002465 1.458501e-05
 66   3.3000     0.002289    -0.003669     0.002113    -0.003387       0.002275 1.368224e-05
 67   3.3500     0.002113    -0.003387     0.001950    -0.003126       0.002100 1.283099e-05
 68   3.4000     0.001950    -0.003126     0.001800    -0.002886       0.001938 1.202886e-05
 69   3.4500     0.001800    -0.002886     0.001661    -0.002664       0.001789 1.127345e-05
 70   3.5000     0.001661    -0.002664     0.001534    -0.002459       0.001651 1.056245e-05
 71   3.5500     0.001534    -0.002459     0.001415    -0.002270       0.001524 9.893583e-06
 72   3.6000     0.001415    -0.002270     0.001307    -0.002095       0.001406 9.264668e-06
 73   3.6500     0.001307    -0.002095     0.001206    -0.001934       0.001298 8.673584e-06
 74   3.7000     0.001206    -0.001934     0.001113    -0.001785       0.001198 8.118290e-06
 75   3.7500     0.001113    -0.001785     0.001027    -0.001648       0.001106 7.596828e-06
 76   3.8000     0.001027    -0.001648     0.000948    -0.001521       0.001020 7.107322e-06
 77   3.8500     0.000948    -0.001521     0.000875    -0.001404       0.000942 6.647976e-06
 78   3.9000     0.000875    -0.001404     0.000808    -0.001296       0.000869 6.217076e-06
 79   3.9500     0.000808    -0.001296     0.000746    -0.001196       0.000802 5.812991e-06
 80   4.0000     0.000746    -0.001196     0.000688    -0.001104       0.000740 5.434165e-06
 81   4.0500     0.000688    -0.001104     0.000635    -0.001019       0.000683 5.079121e-06
 82   4.1000     0.000635    -0.001019     0.000586    -0.000941       0.000631 4.746458e-06
 83   4.1500     0.000586    -0.000941     0.000541    -0.000868       0.000582 4.434847e-06
 84   4.2000     0.000541    -0.000868     0.000500    -0.000801       0.000537 4.143027e-06
 85   4.2500     0.000500    -0.000801     0.000461    -0.000740       0.000496 3.869806e-06
 86   4.3000     0.000461    -0.000740     0.000426    -0.000683       0.000458 3.614059e-06
 87   4.3500     0.000426    -0.000683     0.000393    -0.000630       0.000422 3.374720e-06
 88   4.4000     0.000393    -0.000630     0.000363    -0.000582       0.000390 3.150784e-06
 89   4.4500     0.000363    -0.000582     0.000335    -0.000537       0.000360 2.941302e-06
 90   4.5000     0.000335    -0.000537     0.000309    -0.000496       0.000332 2.745379e-06
 91   4.5500     0.000309    -0.000496     0.000285    -0.000457       0.000306 2.562172e-06
 92   4.6000     0.000285    -0.000457     0.000263    -0.000422       0.000283 2.390888e-06
 93   4.6500     0.000263    -0.000422     0.000243    -0.000390       0.000261 2.230778e-06
 94   4.7000     0.000243    -0.000390     0.000224    -0.000360       0.000241 2.081139e-06
 95   4.7500     0.000224    -0.000360     0.000207    -0.000332       0.000222 1.941309e-06
 96   4.8000     0.000207    -0.000332     0.000191    -0.000306       0.000205 1.810667e-06
 97   4.8500     0.000191    -0.000306     0.000176    -0.000283       0.000189 1.688627e-06
 98   4.9000     0.000176    -0.000283     0.000163    -0.000261       0.000175 1.574640e-06
 99   4.9500     0.000163    -0.000261     0.000150    -0.000241       0.000161 1.468191e-06
100   5.0000     0.000150    -0.000241     0.000139    -0.000222       0.000149 1.368794e-06
101   5.0500     0.000139    -0.000222     0.000128    -0.000205       0.000137 1.275997e-06
102   5.1000     0.000128    -0.000205     0.000118    -0.000189       0.000127 1.189371e-06
103   5.1500     0.000118    -0.000189     0.000109    -0.000175       0.000117 1.108518e-06
104   5.2000     0.000109    -0.000175     0.000101    -0.000161       0.000108 1.033063e-06
105   5.2500     0.000101    -0.000161     0.000093    -0.000149       0.000100 9.626526e-07
106   5.3000     0.000093    -0.000149     0.000086    -0.000138       0.000092 8.969591e-07
107   5.3500     0.000086    -0.000138     0.000079    -0.000127       0.000085 8.356733e-07
108   5.4000     0.000079    -0.000127     0.000073    -0.000117       0.000078 7.785061e-07
109   5.4500     0.000073    -0.000117     0.000067    -0.000108       0.000072 7.251868e-07
110   5.5000     0.000067    -0.000108     0.000062    -0.000100       0.000067 6.754619e-07
111   5.5500     0.000062    -0.000100     0.000057    -0.000092       0.000062 6.290941e-07
112   5.6000     0.000057    -0.000092     0.000053    -0.000085       0.000057 5.858613e-07
113   5.6500     0.000053    -0.000085     0.000049    -0.000078       0.000052 5.455558e-07
114   5.7000     0.000049    -0.000078     0.000045    -0.000072       0.000048 5.079831e-07
115   5.7500     0.000045    -0.000072     0.000042    -0.000067       0.000045 4.729615e-07
116   5.8000     0.000042    -0.000067     0.000038    -0.000062       0.000041 4.403209e-07
117   5.8500     0.000038    -0.000062     0.000036    -0.000057       0.000038 4.099023e-07
118   5.9000     0.000036    -0.000057     0.000033    -0.000053       0.000035 3.815571e-07
119   5.9500     0.000033    -0.000053     0.000030    -0.000049       0.000032 3.551463e-07
120   6.0000     0.000030    -0.000049     0.000028    -0.000045       0.000030 3.305403e-07
121   6.0500     0.000028    -0.000045     0.000026    -0.000041       0.000028 3.076176e-07
122   6.1000     0.000026    -0.000041     0.000024    -0.000038       0.000025 2.862650e-07
123   6.1500     0.000024    -0.000038     0.000022    -0.000035       0.000024 2.663766e-07
124   6.2000     0.000022    -0.000035     0.000020    -0.000033       0.000022 2.478535e-07
125   6.2500     0.000020    -0.000033     0.000019    -0.000030       0.000020 2.306034e-07
126   6.3000     0.000019    -0.000030     0.000017    -0.000028       0.000018 2.145402e-07
127   6.3500     0.000017    -0.000028     0.000016    -0.000026       0.000017 1.995832e-07
128   6.4000     0.000016    -0.000026     0.000015    -0.000024       0.000016 1.856575e-07
129   6.4500     0.000015    -0.000024     0.000014    -0.000022       0.000015 1.726929e-07
130   6.5000     0.000014    -0.000022     0.000013    -0.000020       0.000013 1.606239e-07
131   6.5500     0.000013    -0.000020     0.000012    -0.000019       0.000012 1.493896e-07
132   6.6000     0.000012    -0.000019     0.000011    -0.000017       0.000011 1.389328e-07
133   6.6500     0.000011    -0.000017     0.000010    -0.000016       0.000011 1.292006e-07
134   6.7000     0.000010    -0.000016     0.000009    -0.000015       0.000010 1.201434e-07
135   6.7500     0.000009    -0.000015     0.000008    -0.000013       0.000009 1.117148e-07
136   6.8000     0.000008    -0.000013     0.000008    -0.000012       0.000008 1.038719e-07
137   6.8500     0.000008    -0.000012     0.000007    -0.000011       0.000008 9.657430e-08
138   6.9000     0.000007    -0.000011     0.000007    -0.000011       0.000007 8.978463e-08
139   6.9500     0.000007    -0.000011     0.000006    -0.000010       0.000007 8.346793e-08
140   7.0000     0.000006    -0.000010     0.000006    -0.000009       0.000006 7.759162e-08
141   7.0500     0.000006    -0.000009     0.000005    -0.000008       0.000006 7.212532e-08
142   7.1000     0.000005    -0.000008     0.000005    -0.000008       0.000005 6.704076e-08
143   7.1500     0.000005    -0.000008     0.000004    -0.000007       0.000005 6.231154e-08
144   7.2000     0.000004    -0.000007     0.000004    -0.000007       0.000004 5.791310e-08
145   7.2500     0.000004    -0.000007     0.000004    -0.000006       0.000004 5.382254e-08
146   7.3000     0.000004    -0.000006     0.000003    -0.000006       0.000004 5.001853e-08
147   7.3500     0.000003    -0.000006     0.000003    -0.000005       0.000003 4.648119e-08
148   7.4000     0.000003    -0.000005     0.000003    -0.000005       0.000003 4.319201e-08
149   7.4500     0.000003    -0.000005     0.000003    -0.000004       0.000003 4.013376e-08
150   7.5000     0.000003    -0.000004     0.000003    -0.000004       0.000003 3.729037e-08
151   7.5500     0.000003    -0.000004     0.000002    -0.000004       0.000002 3.464688e-08
152   7.6000     0.000002    -0.000004     0.000002    -0.000003       0.000002 3.218938e-08
153   7.6500     0.000002    -0.000003     0.000002    -0.000003       0.000002 2.990490e-08
154   7.7000     0.000002    -0.000003     0.000002    -0.000003       0.000002 2.778136e-08
155   7.7500     0.000002    -0.000003     0.000002    -0.000003       0.000002 2.580752e-08
156   7.8000     0.000002    -0.000003     0.000002    -0.000003       0.000002 2.397292e-08
157   7.8500     0.000002    -0.000003     0.000001    -0.000002       0.000002 2.226783e-08
158   7.9000     0.000001    -0.000002     0.000001    -0.000002       0.000001 2.068317e-08
159   7.9500     0.000001    -0.000002     0.000001    -0.000002       0.000001 1.921051e-08
160   8.0000     0.000001    -0.000002     0.000001    -0.000002       0.000001 1.784200e-08
161   8.0500     0.000001    -0.000002     0.000001    -0.000002       0.000001 1.657033e-08
162   8.1000     0.000001    -0.000002     0.000001    -0.000002       0.000001 1.538871e-08
163   8.1500     0.000001    -0.000002     0.000001    -0.000001       0.000001 1.429080e-08
164   8.2000     0.000001    -0.000001     0.000001    -0.000001       0.000001 1.327072e-08
165   8.2500     0.000001    -0.000001     0.000001    -0.000001       0.000001 1.232300e-08
166   8.3000     0.000001    -0.000001     0.000001    -0.000001       0.000001 1.144254e-08
167   8.3500     0.000001    -0.000001     0.000001    -0.000001       0.000001 1.062460e-08
168   8.4000     0.000001    -0.000001     0.000001    -0.000001       0.000001 9.864776e-09
169   8.4500     0.000001    -0.000001     0.000001    -0.000001       0.000001 9.158966e-09
170   8.5000     0.000001    -0.000001     0.000001    -0.000001       0.000001 8.503358e-09
171   8.5500     0.000001    -0.000001     0.000000    -0.000001       0.000001 7.894405e-09
172   8.6000     0.000000    -0.000001     0.000000    -0.000001       0.000000 7.328811e-09
173   8.6500     0.000000    -0.000001     0.000000    -0.000001       0.000000 6.803509e-09
174   8.7000     0.000000    -0.000001     0.000000    -0.000001       0.000000 6.315648e-09
175   8.7500     0.000000    -0.000001     0.000000    -0.000001       0.000000 5.862576e-09
176   8.8000     0.000000    -0.000001     0.000000    -0.000001       0.000000 5.441829e-09
177   8.8500     0.000000    -0.000001     0.000000    -0.000000       0.000000 5.051115e-09
178   8.9000     0.000000    -0.000000     0.000000    -0.000000       0.000000 4.688305e-09
179   8.9500     0.000000    -0.000000     0.000000    -0.000000       0.000000 4.351416e-09
180   9.0000     0.000000    -0.000000     0.000000    -0.000000       0.000000 4.038610e-09
181   9.0500     0.000000    -0.000000     0.000000    -0.000000       0.000000 3.748174e-09
182   9.1000     0.000000    -0.000000     0.000000    -0.000000       0.000000 3.478519e-09
183   9.1500     0.000000    -0.000000     0.000000    -0.000000       0.000000 3.228166e-09
184   9.2000     0.000000    -0.000000     0.000000    -0.000000       0.000000 2.995741e-09
185   9.2500     0.000000    -0.000000     0.000000    -0.000000       0.000000 2.779969e-09
186   9.3000     0.000000    -0.000000     0.000000    -0.000000       0.000000 2.579663e-09
187   9.3500     0.000000    -0.000000     0.000000    -0.000000       0.000000 2.393720e-09
188   9.4000     0.000000    -0.000000     0.000000    -0.000000       0.000000 2.221117e-09
189   9.4500     0.000000    -0.000000     0.000000    -0.000000       0.000000 2.060901e-09
190   9.5000     0.000000    -0.000000     0.000000    -0.000000       0.000000 1.912189e-09
191   9.5500     0.000000    -0.000000     0.000000    -0.000000       0.000000 1.774158e-09
192   9.6000     0.000000    -0.000000     0.000000    -0.000000       0.000000 1.646046e-09
193   9.6500     0.000000    -0.000000     0.000000    -0.000000       0.000000 1.527143e-09
194   9.7000     0.000000    -0.000000     0.000000    -0.000000       0.000000 1.416792e-09
195   9.7500     0.000000    -0.000000     0.000000    -0.000000       0.000000 1.314379e-09
196   9.8000     0.000000    -0.000000     0.000000    -0.000000       0.000000 1.219337e-09
197   9.8500     0.000000    -0.000000     0.000000    -0.000000       0.000000 1.131139e-09
198   9.9000     0.000000    -0.000000     0.000000    -0.000000       0.000000 1.049292e-09
199   9.9500     0.000000    -0.000000     0.000000    -0.000000       0.000000 9.733436e-10
