  n        t          u^n          v^n      u^(n+1)      v^(n+1)           y(t)        error
  0   0.0000     0.010000     1.000000     0.060000     0.949975       0.010000 -8.673617e-18
  1   0.0500     0.060000     0.949975     0.107499     0.902326       0.058769 1.231215e-03
  2   0.1000     0.107499     0.902326     0.152615     0.856941       0.105152 2.346828e-03
  3   0.1500     0.152615     0.856941     0.195462     0.813713       0.149260 3.354957e-03
  4   0.2000     0.195462     0.813713     0.236148     0.772538       0.191199 4.263214e-03
  5   0.2500     0.236148     0.772538     0.274775     0.733321       0.231069 5.078733e-03
  6   0.3000     0.274775     0.733321     0.311441     0.695968       0.268966 5.808201e-03
  7   0.3500     0.311441     0.695968     0.346239     0.660391       0.304983 6.457879e-03
  8   0.4000     0.346239     0.660391     0.379259     0.626506       0.339205 7.033633e-03
  9   0.4500     0.379259     0.626506     0.410584     0.594232       0.371718 7.540953e-03
 10   0.5000     0.410584     0.594232     0.440296     0.563494       0.402599 7.984978e-03
 11   0.5500     0.440296     0.563494     0.468470     0.534219       0.431925 8.370516e-03
 12   0.6000     0.468470     0.534219     0.495181     0.506337       0.459768 8.702063e-03
 13   0.6500     0.495181     0.506337     0.520498     0.479782       0.486197 8.983822e-03
 14   0.7000     0.520498     0.479782     0.544487     0.454492       0.511278 9.219723e-03
 15   0.7500     0.544487     0.454492     0.567212     0.430406       0.535074 9.413433e-03
 16   0.8000     0.567212     0.430406     0.588732     0.407468       0.557643 9.568381e-03
 17   0.8500     0.588732     0.407468     0.609105     0.385622       0.579044 9.687764e-03
 18   0.9000     0.609105     0.385622     0.628387     0.364818       0.599331 9.774566e-03
 19   0.9500     0.628387     0.364818     0.646627     0.345007       0.618555 9.831570e-03
 20   1.0000     0.646627     0.345007     0.663878     0.326140       0.636766 9.861368e-03
 21   1.0500     0.663878     0.326140     0.680185     0.308173       0.654011 9.866377e-03
 22   1.1000     0.680185     0.308173     0.695593     0.291064       0.670336 9.848846e-03
 23   1.1500     0.695593     0.291064     0.710147     0.274772       0.685783 9.810869e-03
 24   1.2000     0.710147     0.274772     0.723885     0.259258       0.700392 9.754391e-03
 25   1.2500     0.723885     0.259258     0.736848     0.244485       0.714204 9.681222e-03
 26   1.3000     0.736848     0.244485     0.749072     0.230419       0.727255 9.593043e-03
 27   1.3500     0.749072     0.230419     0.760593     0.217025       0.739581 9.491412e-03
 28   1.4000     0.760593     0.217025     0.771445     0.204272       0.751216 9.377778e-03
 29   1.4500     0.771445     0.204272     0.781658     0.192130       0.762191 9.253479e-03
 30   1.5000     0.781658     0.192130     0.791265     0.180570       0.772538 9.119758e-03
 31   1.5500     0.791265     0.180570     0.800293     0.169563       0.782287 8.977763e-03
 32   1.6000     0.800293     0.169563     0.808771     0.159084       0.791465 8.828557e-03
 33   1.6500     0.808771     0.159084     0.816726     0.149108       0.800098 8.673119e-03
 34   1.7000     0.816726     0.149108     0.824181     0.139611       0.808213 8.512354e-03
 35   1.7500     0.824181     0.139611     0.831161     0.130570       0.815834 8.347096e-03
 36   1.8000     0.831161     0.130570     0.837690     0.121963       0.822983 8.178112e-03
 37   1.8500     0.837690     0.121963     0.843788     0.113771       0.829684 8.006107e-03
 38   1.9000     0.843788     0.113771     0.849477     0.105973       0.835956 7.831730e-03
 39   1.9500     0.849477     0.105973     0.854775     0.098551       0.841821 7.655572e-03
 40   2.0000     0.854775     0.098551     0.859703     0.091486       0.847297 7.478178e-03
 41   2.0500     0.859703     0.091486     0.864277     0.084763       0.852403 7.300044e-03
 42   2.1000     0.864277     0.084763     0.868515     0.078364       0.857155 7.121622e-03
 43   2.1500     0.868515     0.078364     0.872433     0.072274       0.861572 6.943324e-03
 44   2.2000     0.872433     0.072274     0.876047     0.066479       0.865668 6.765524e-03
 45   2.2500     0.876047     0.066479     0.879371     0.060965       0.869459 6.588561e-03
 46   2.3000     0.879371     0.060965     0.882419     0.055719       0.872958 6.412740e-03
 47   2.3500     0.882419     0.055719     0.885205     0.050727       0.876181 6.238338e-03
 48   2.4000     0.885205     0.050727     0.887742     0.045977       0.879140 6.065601e-03
 49   2.4500     0.887742     0.045977     0.890040     0.041459       0.881847 5.894750e-03
 50   2.5000     0.890040     0.041459     0.892113     0.037161       0.884315 5.725982e-03
 51   2.5500     0.892113     0.037161     0.893972     0.033073       0.886554 5.559472e-03
 52   2.6000     0.893972     0.033073     0.895625     0.029184       0.888576 5.395372e-03
 53   2.6500     0.895625     0.029184     0.897084     0.025486       0.890391 5.233816e-03
 54   2.7000     0.897084     0.025486     0.898359     0.021969       0.892009 5.074921e-03
 55   2.7500     0.898359     0.021969     0.899457     0.018625       0.893440 4.918788e-03
 56   2.8000     0.899457     0.018625     0.900388     0.015445       0.894692 4.765499e-03
 57   2.8500     0.900388     0.015445     0.901161     0.012421       0.895773 4.615127e-03
 58   2.9000     0.901161     0.012421     0.901782     0.009547       0.896693 4.467729e-03
 59   2.9500     0.901782     0.009547     0.902259     0.006816       0.897458 4.323351e-03
 60   3.0000     0.902259     0.006816     0.902600     0.004219       0.898077 4.182028e-03
 61   3.0500     0.902600     0.004219     0.902811     0.001752       0.898556 4.043787e-03
 62   3.1000     0.902811     0.001752     0.902898    -0.000593       0.898902 3.908643e-03
 63   3.1500     0.902898    -0.000593     0.902869    -0.002820       0.899122 3.776605e-03
 64   3.2000     0.902869    -0.002820     0.902728    -0.004937       0.899221 3.647672e-03
 65   3.2500     0.902728    -0.004937     0.902481    -0.006947       0.899206 3.521840e-03
 66   3.3000     0.902481    -0.006947     0.902133    -0.008855       0.899082 3.399095e-03
 67   3.3500     0.902133    -0.008855     0.901691    -0.010668       0.898854 3.279420e-03
 68   3.4000     0.901691    -0.010668     0.901157    -0.012389       0.898528 3.162791e-03
 69   3.4500     0.901157    -0.012389     0.900538    -0.014022       0.898108 3.049182e-03
 70   3.5000     0.900538    -0.014022     0.899837    -0.015573       0.897599 2.938559e-03
 71   3.5500     0.899837    -0.015573     0.899058    -0.017043       0.897006 2.830889e-03
 72   3.6000     0.899058    -0.017043     0.898206    -0.018439       0.896332 2.726132e-03
 73   3.6500     0.898206    -0.018439     0.897284    -0.019763       0.895582 2.624247e-03
 74   3.7000     0.897284    -0.019763     0.896296    -0.021018       0.894759 2.525190e-03
 75   3.7500     0.896296    -0.021018     0.895245    -0.022207       0.893867 2.428916e-03
 76   3.8000     0.895245    -0.022207     0.894135    -0.023335       0.892910 2.335377e-03
 77   3.8500     0.894135    -0.023335     0.892968    -0.024404       0.891890 2.244523e-03
 78   3.9000     0.892968    -0.024404     0.891748    -0.025416       0.890812 2.156303e-03
 79   3.9500     0.891748    -0.025416     0.890477    -0.026375       0.889677 2.070665e-03
 80   4.0000     0.890477    -0.026375     0.889158    -0.027282       0.888489 1.987558e-03
 81   4.0500     0.889158    -0.027282     0.887794    -0.028141       0.887251 1.906926e-03
 82   4.1000     0.887794    -0.028141     0.886387    -0.028953       0.885965 1.828717e-03
 83   4.1500     0.886387    -0.028953     0.884939    -0.029722       0.884634 1.752876e-03
 84   4.2000     0.884939    -0.029722     0.883453    -0.030448       0.883260 1.679349e-03
 85   4.2500     0.883453    -0.030448     0.881931    -0.031134       0.881845 1.608081e-03
 86   4.3000     0.881931    -0.031134     0.880374    -0.031782       0.880392 1.539017e-03
 87   4.3500     0.880374    -0.031782     0.878785    -0.032394       0.878902 1.472103e-03
 88   4.4000     0.878785    -0.032394     0.877165    -0.032971       0.877378 1.407286e-03
 89   4.4500     0.877165    -0.032971     0.875517    -0.033516       0.875821 1.344511e-03
 90   4.5000     0.875517    -0.033516     0.873841    -0.034029       0.874233 1.283726e-03
 91   4.5500     0.873841    -0.034029     0.872140    -0.034512       0.872616 1.224877e-03
 92   4.6000     0.872140    -0.034512     0.870414    -0.034967       0.870972 1.167913e-03
 93   4.6500     0.870414    -0.034967     0.868666    -0.035394       0.869301 1.112782e-03
 94   4.7000     0.868666    -0.035394     0.866896    -0.035796       0.867606 1.059433e-03
 95   4.7500     0.866896    -0.035796     0.865106    -0.036174       0.865888 1.007818e-03
 96   4.8000     0.865106    -0.036174     0.863297    -0.036528       0.864148 9.578850e-04
 97   4.8500     0.863297    -0.036528     0.861471    -0.036860       0.862388 9.095876e-04
 98   4.9000     0.861471    -0.036860     0.859628    -0.037170       0.860608 8.628779e-04
 99   4.9500     0.859628    -0.037170     0.857770    -0.037461       0.858810 8.177093e-04
100   5.0000     0.857770    -0.037461     0.855897    -0.037732       0.856996 7.740361e-04
101   5.0500     0.855897    -0.037732     0.854010    -0.037985       0.855165 7.318135e-04
102   5.1000     0.854010    -0.037985     0.852111    -0.038221       0.853319 6.909979e-04
103   5.1500     0.852111    -0.038221     0.850200    -0.038440       0.851459 6.515463e-04
104   5.2000     0.850200    -0.038440     0.848278    -0.038644       0.849586 6.134168e-04
105   5.2500     0.848278    -0.038644     0.846345    -0.038832       0.847701 5.765685e-04
106   5.3000     0.846345    -0.038832     0.844404    -0.039007       0.845804 5.409615e-04
107   5.3500     0.844404    -0.039007     0.842453    -0.039167       0.843897 5.065567e-04
108   5.4000     0.842453    -0.039167     0.840495    -0.039315       0.841980 4.733160e-04
109   5.4500     0.840495    -0.039315     0.838529    -0.039451       0.840054 4.412023e-04
110   5.5000     0.838529    -0.039451     0.836557    -0.039574       0.838119 4.101796e-04
111   5.5500     0.836557    -0.039574     0.834578    -0.039687       0.836177 3.802125e-04
112   5.6000     0.834578    -0.039687     0.832594    -0.039789       0.834227 3.512668e-04
113   5.6500     0.832594    -0.039789     0.830604    -0.039881       0.832270 3.233091e-04
114   5.7000     0.830604    -0.039881     0.828610    -0.039964       0.830308 2.963070e-04
115   5.7500     0.828610    -0.039964     0.826612    -0.040037       0.828340 2.702289e-04
116   5.8000     0.826612    -0.040037     0.824610    -0.040102       0.826367 2.450442e-04
117   5.8500     0.824610    -0.040102     0.822605    -0.040158       0.824389 2.207230e-04
118   5.9000     0.822605    -0.040158     0.820597    -0.040207       0.822408 1.972363e-04
119   5.9500     0.820597    -0.040207     0.818587    -0.040248       0.820423 1.745562e-04
120   6.0000     0.818587    -0.040248     0.816574    -0.040282       0.818434 1.526553e-04
121   6.0500     0.816574    -0.040282     0.814560    -0.040309       0.816443 1.315071e-04
122   6.1000     0.814560    -0.040309     0.812545    -0.040330       0.814449 1.110860e-04
123   6.1500     0.812545    -0.040330     0.810528    -0.040345       0.812454 9.136712e-05
124   6.2000     0.810528    -0.040345     0.808511    -0.040354       0.810456 7.232625e-05
125   6.2500     0.808511    -0.040354     0.806493    -0.040358       0.808457 5.394003e-05
126   6.3000     0.806493    -0.040358     0.804476    -0.040356       0.806457 3.618581e-05
127   6.3500     0.804476    -0.040356     0.802458    -0.040349       0.804457 1.904162e-05
128   6.4000     0.802458    -0.040349     0.800440    -0.040338       0.802455 2.486211e-06
129   6.4500     0.800440    -0.040338     0.798423    -0.040322       0.800454 -1.350100e-05
130   6.5000     0.798423    -0.040322     0.796407    -0.040302       0.798452 -2.893995e-05
131   6.5500     0.796407    -0.040302     0.794392    -0.040278       0.796451 -4.384990e-05
132   6.6000     0.794392    -0.040278     0.792378    -0.040250       0.794450 -5.824952e-05
133   6.6500     0.792378    -0.040250     0.790366    -0.040219       0.792450 -7.215685e-05
134   6.7000     0.790366    -0.040219     0.788355    -0.040184       0.790451 -8.558934e-05
135   6.7500     0.788355    -0.040184     0.786346    -0.040145       0.788453 -9.856386e-05
136   6.8000     0.786346    -0.040145     0.784338    -0.040104       0.786457 -1.110967e-04
137   6.8500     0.784338    -0.040104     0.782333    -0.040060       0.784462 -1.232037e-04
138   6.9000     0.782333    -0.040060     0.780330    -0.040012       0.782468 -1.349001e-04
139   6.9500     0.780330    -0.040012     0.778330    -0.039963       0.780476 -1.462005e-04
140   7.0000     0.778330    -0.039963     0.776331    -0.039910       0.778487 -1.571192e-04
141   7.0500     0.776331    -0.039910     0.774336    -0.039856       0.776499 -1.676700e-04
142   7.1000     0.774336    -0.039856     0.772343    -0.039799       0.774514 -1.778660e-04
143   7.1500     0.772343    -0.039799     0.770353    -0.039740       0.772531 -1.877202e-04
144   7.2000     0.770353    -0.039740     0.768366    -0.039679       0.770550 -1.972448e-04
145   7.2500     0.768366    -0.039679     0.766382    -0.039616       0.768573 -2.064519e-04
146   7.3000     0.766382    -0.039616     0.764402    -0.039551       0.766598 -2.153528e-04
147   7.3500     0.764402    -0.039551     0.762424    -0.039484       0.764625 -2.239588e-04
148   7.4000     0.762424    -0.039484     0.760450    -0.039416       0.762656 -2.322806e-04
149   7.4500     0.760450    -0.039416     0.758479    -0.039346       0.760690 -2.403285e-04
150   7.5000     0.758479    -0.039346     0.756512    -0.039275       0.758727 -2.481125e-04
151   7.5500     0.756512    -0.039275     0.754548    -0.039203       0.756767 -2.556422e-04
152   7.6000     0.754548    -0.039203     0.752588    -0.039129       0.754811 -2.629269e-04
153   7.6500     0.752588    -0.039129     0.750631    -0.039054       0.752858 -2.699756e-04
154   7.7000     0.750631    -0.039054     0.748679    -0.038978       0.750908 -2.767969e-04
155   7.7500     0.748679    -0.038978     0.746730    -0.038901       0.748962 -2.833990e-04
156   7.8000     0.746730    -0.038901     0.744785    -0.038822       0.747020 -2.897901e-04
157   7.8500     0.744785    -0.038822     0.742844    -0.038743       0.745081 -2.959778e-04
158   7.9000     0.742844    -0.038743     0.740906    -0.038663       0.743146 -3.019695e-04
159   7.9500     0.740906    -0.038663     0.738973    -0.038582       0.741214 -3.077726e-04
160   8.0000     0.738973    -0.038582     0.737044    -0.038501       0.739287 -3.133938e-04
161   8.0500     0.737044    -0.038501     0.735119    -0.038418       0.737363 -3.188399e-04
162   8.1000     0.735119    -0.038418     0.733198    -0.038335       0.735443 -3.241172e-04
163   8.1500     0.733198    -0.038335     0.731281    -0.038251       0.733527 -3.292319e-04
164   8.2000     0.731281    -0.038251     0.729369    -0.038167       0.731616 -3.341900e-04
165   8.2500     0.729369    -0.038167     0.727461    -0.038082       0.729708 -3.389972e-04
166   8.3000     0.727461    -0.038082     0.725556    -0.037997       0.727804 -3.436590e-04
167   8.3500     0.725556    -0.037997     0.723657    -0.037911       0.725905 -3.481808e-04
168   8.4000     0.723657    -0.037911     0.721761    -0.037824       0.724009 -3.525676e-04
169   8.4500     0.721761    -0.037824     0.719870    -0.037737       0.722118 -3.568244e-04
170   8.5000     0.719870    -0.037737     0.717983    -0.037650       0.720231 -3.609559e-04
171   8.5500     0.717983    -0.037650     0.716100    -0.037563       0.718348 -3.649667e-04
172   8.6000     0.716100    -0.037563     0.714222    -0.037475       0.716469 -3.688611e-04
173   8.6500     0.714222    -0.037475     0.712349    -0.037387       0.714595 -3.726434e-04
174   8.7000     0.712349    -0.037387     0.710479    -0.037298       0.712725 -3.763177e-04
175   8.7500     0.710479    -0.037298     0.708614    -0.037209       0.710859 -3.798879e-04
176   8.8000     0.708614    -0.037209     0.706754    -0.037121       0.708998 -3.833577e-04
177   8.8500     0.706754    -0.037121     0.704898    -0.037031       0.707141 -3.867308e-04
178   8.9000     0.704898    -0.037031     0.703046    -0.036942       0.705288 -3.900106e-04
179   8.9500     0.703046    -0.036942     0.701199    -0.036853       0.703439 -3.932005e-04
180   9.0000     0.701199    -0.036853     0.699357    -0.036763       0.701595 -3.963037e-04
181   9.0500     0.699357    -0.036763     0.697518    -0.036673       0.699756 -3.993234e-04
182   9.1000     0.697518    -0.036673     0.695685    -0.036583       0.697921 -4.022624e-04
183   9.1500     0.695685    -0.036583     0.693856    -0.036493       0.696090 -4.051238e-04
184   9.2000     0.693856    -0.036493     0.692031    -0.036403       0.694263 -4.079101e-04
185   9.2500     0.692031    -0.036403     0.690211    -0.036313       0.692441 -4.106242e-04
186   9.3000     0.690211    -0.036313     0.688395    -0.036223       0.690624 -4.132685e-04
187   9.3500     0.688395    -0.036223     0.686584    -0.036133       0.688811 -4.158455e-04
188   9.4000     0.686584    -0.036133     0.684777    -0.036043       0.687002 -4.183576e-04
189   9.4500     0.684777    -0.036043     0.682975    -0.035953       0.685198 -4.208070e-04
190   9.5000     0.682975    -0.035953     0.681177    -0.035862       0.683398 -4.231959e-04
191   9.5500     0.681177    -0.035862     0.679384    -0.035772       0.681603 -4.255264e-04
192   9.6000     0.679384    -0.035772     0.677596    -0.035682       0.679812 -4.278005e-04
193   9.6500     0.677596    -0.035682     0.675812    -0.035592       0.678026 -4.300202e-04
194   9.7000     0.675812    -0.035592     0.674032    -0.035502       0.676244 -4.321873e-04
195   9.7500     0.674032    -0.035502     0.672257    -0.035412       0.674466 -4.343037e-04
196   9.8000     0.672257    -0.035412     0.670486    -0.035322       0.672693 -4.363710e-04
197   9.8500     0.670486    -0.035322     0.668720    -0.035232       0.670925 -4.383909e-04
198   9.9000     0.668720    -0.035232     0.666959    -0.035142       0.669161 -4.403649e-04
199   9.9500     0.666959    -0.035142     0.665202    -0.035053       0.667401 -4.422947e-04
