  n        t          u^n          v^n      u^(n+1)      v^(n+1)           y(t)        error
  0   0.0000     0.010000     1.000000     0.082187     0.565469       0.010000 -8.673617e-18
  1   0.1000     0.082187     0.565469     0.120616     0.285076       0.085862 -3.674768e-03
  2   0.2000     0.120616     0.285076     0.137514     0.107839       0.125525 -4.908972e-03
  3   0.3000     0.137514     0.107839     0.141035    -0.000843       0.142405 -4.890118e-03
  4   0.4000     0.141035    -0.000843     0.136567    -0.064387       0.145333 -4.297411e-03
  5   0.5000     0.136567    -0.064387     0.127631    -0.098583       0.140072 -3.504771e-03
  6   0.6000     0.127631    -0.098583     0.116495    -0.114025       0.130337 -2.706183e-03
  7   0.7000     0.116495    -0.114025     0.104588    -0.117781       0.118488 -1.992220e-03
  8   0.8000     0.104588    -0.117781     0.092781    -0.114527       0.105984 -1.396131e-03
  9   0.9000     0.092781    -0.114527     0.081578    -0.107322       0.093702 -9.210921e-04
 10   1.0000     0.081578    -0.107322     0.071248    -0.098138       0.082134 -5.559440e-04
 11   1.1000     0.071248    -0.098138     0.061906    -0.088223       0.071532 -2.839777e-04
 12   1.2000     0.061906    -0.088223     0.053576    -0.078339       0.061994 -8.759185e-05
 13   1.3000     0.053576    -0.078339     0.046222    -0.068929       0.053526 4.944147e-05
 14   1.4000     0.046222    -0.068929     0.039780    -0.060234       0.046081 1.410558e-04
 15   1.5000     0.039780    -0.060234     0.034170    -0.052359       0.039581 1.986897e-04
 16   1.6000     0.034170    -0.052359     0.029306    -0.045328       0.033939 2.314429e-04
 17   1.7000     0.029306    -0.045328     0.025104    -0.039116       0.029060 2.463840e-04
 18   1.8000     0.025104    -0.039116     0.021484    -0.033672       0.024855 2.488986e-04
 19   1.9000     0.021484    -0.033672     0.018371    -0.028928       0.021241 2.430209e-04
 20   2.0000     0.018371    -0.028928     0.015700    -0.024813       0.018139 2.317255e-04
 21   2.1000     0.015700    -0.024813     0.013410    -0.021257       0.015483 2.171711e-04
 22   2.2000     0.013410    -0.021257     0.011450    -0.018193       0.013209 2.008977e-04
 23   2.3000     0.011450    -0.018193     0.009773    -0.015558       0.011266 1.839817e-04
 24   2.4000     0.009773    -0.015558     0.008340    -0.013297       0.009606 1.671565e-04
 25   2.5000     0.008340    -0.013297     0.007115    -0.011358       0.008189 1.509049e-04
 26   2.6000     0.007115    -0.011358     0.006069    -0.009698       0.006980 1.355286e-04
 27   2.7000     0.006069    -0.009698     0.005177    -0.008278       0.005948 1.211999e-04
 28   2.8000     0.005177    -0.008278     0.004415    -0.007064       0.005069 1.080009e-04
 29   2.9000     0.004415    -0.007064     0.003764    -0.006027       0.004319 9.595119e-05
 30   3.0000     0.003764    -0.006027     0.003210    -0.005141       0.003679 8.502882e-05
 31   3.1000     0.003210    -0.005141     0.002737    -0.004385       0.003135 7.518507e-05
 32   3.2000     0.002737    -0.004385     0.002333    -0.003740       0.002671 6.635502e-05
 33   3.3000     0.002333    -0.003740     0.001989    -0.003189       0.002275 5.846510e-05
 34   3.4000     0.001989    -0.003189     0.001696    -0.002719       0.001938 5.143820e-05
 35   3.5000     0.001696    -0.002719     0.001446    -0.002318       0.001651 4.519724e-05
 36   3.6000     0.001446    -0.002318     0.001233    -0.001977       0.001406 3.966743e-05
 37   3.7000     0.001233    -0.001977     0.001051    -0.001685       0.001198 3.477777e-05
 38   3.8000     0.001051    -0.001685     0.000896    -0.001437       0.001020 3.046190e-05
 39   3.9000     0.000896    -0.001437     0.000764    -0.001225       0.000869 2.665847e-05
 40   4.0000     0.000764    -0.001225     0.000651    -0.001044       0.000740 2.331134e-05
 41   4.1000     0.000651    -0.001044     0.000555    -0.000890       0.000631 2.036943e-05
 42   4.2000     0.000555    -0.000890     0.000473    -0.000759       0.000537 1.778662e-05
 43   4.3000     0.000473    -0.000759     0.000403    -0.000647       0.000458 1.552139e-05
 44   4.4000     0.000403    -0.000647     0.000344    -0.000551       0.000390 1.353655e-05
 45   4.5000     0.000344    -0.000551     0.000293    -0.000470       0.000332 1.179888e-05
 46   4.6000     0.000293    -0.000470     0.000250    -0.000401       0.000283 1.027882e-05
 47   4.7000     0.000250    -0.000401     0.000213    -0.000342       0.000241 8.950102e-06
 48   4.8000     0.000213    -0.000342     0.000182    -0.000291       0.000205 7.789431e-06
 49   4.9000     0.000182    -0.000291     0.000155    -0.000248       0.000175 6.776208e-06
 50   5.0000     0.000155    -0.000248     0.000132    -0.000212       0.000149 5.892239e-06
 51   5.1000     0.000132    -0.000212     0.000112    -0.000180       0.000127 5.121474e-06
 52   5.2000     0.000112    -0.000180     0.000096    -0.000154       0.000108 4.449778e-06
 53   5.3000     0.000096    -0.000154     0.000082    -0.000131       0.000092 3.864718e-06
 54   5.4000     0.000082    -0.000131     0.000070    -0.000112       0.000078 3.355366e-06
 55   5.5000     0.000070    -0.000112     0.000059    -0.000095       0.000067 2.912132e-06
 56   5.6000     0.000059    -0.000095     0.000051    -0.000081       0.000057 2.526602e-06
 57   5.7000     0.000051    -0.000081     0.000043    -0.000069       0.000048 2.191405e-06
 58   5.8000     0.000043    -0.000069     0.000037    -0.000059       0.000041 1.900088e-06
 59   5.9000     0.000037    -0.000059     0.000031    -0.000050       0.000035 1.647005e-06
 60   6.0000     0.000031    -0.000050     0.000027    -0.000043       0.000030 1.427219e-06
 61   6.1000     0.000027    -0.000043     0.000023    -0.000037       0.000025 1.236417e-06
 62   6.2000     0.000023    -0.000037     0.000019    -0.000031       0.000022 1.070834e-06
 63   6.3000     0.000019    -0.000031     0.000017    -0.000027       0.000018 9.271847e-07
 64   6.4000     0.000017    -0.000027     0.000014    -0.000023       0.000016 8.026025e-07
 65   6.5000     0.000014    -0.000023     0.000012    -0.000019       0.000013 6.945900e-07
 66   6.6000     0.000012    -0.000019     0.000010    -0.000016       0.000011 6.009710e-07
 67   6.7000     0.000010    -0.000016     0.000009    -0.000014       0.000010 5.198508e-07
 68   6.8000     0.000009    -0.000014     0.000007    -0.000012       0.000008 4.495800e-07
 69   6.9000     0.000007    -0.000012     0.000006    -0.000010       0.000007 3.887240e-07
 70   7.0000     0.000006    -0.000010     0.000005    -0.000009       0.000006 3.360349e-07
 71   7.1000     0.000005    -0.000009     0.000005    -0.000007       0.000005 2.904282e-07
 72   7.2000     0.000005    -0.000007     0.000004    -0.000006       0.000004 2.509614e-07
 73   7.3000     0.000004    -0.000006     0.000003    -0.000005       0.000004 2.168160e-07
 74   7.4000     0.000003    -0.000005     0.000003    -0.000005       0.000003 1.872812e-07
 75   7.5000     0.000003    -0.000005     0.000002    -0.000004       0.000003 1.617401e-07
 76   7.6000     0.000002    -0.000004     0.000002    -0.000003       0.000002 1.396574e-07
 77   7.7000     0.000002    -0.000003     0.000002    -0.000003       0.000002 1.205688e-07
 78   7.8000     0.000002    -0.000003     0.000002    -0.000002       0.000002 1.040718e-07
 79   7.9000     0.000002    -0.000002     0.000001    -0.000002       0.000001 8.981717e-08
 80   8.0000     0.000001    -0.000002     0.000001    -0.000002       0.000001 7.750260e-08
 81   8.1000     0.000001    -0.000002     0.000001    -0.000001       0.000001 6.686600e-08
 82   8.2000     0.000001    -0.000001     0.000001    -0.000001       0.000001 5.768039e-08
 83   8.3000     0.000001    -0.000001     0.000001    -0.000001       0.000001 4.974924e-08
 84   8.4000     0.000001    -0.000001     0.000001    -0.000001       0.000001 4.290242e-08
 85   8.5000     0.000001    -0.000001     0.000000    -0.000001       0.000001 3.699265e-08
 86   8.6000     0.000000    -0.000001     0.000000    -0.000001       0.000000 3.189254e-08
 87   8.7000     0.000000    -0.000001     0.000000    -0.000001       0.000000 2.749186e-08
 88   8.8000     0.000000    -0.000001     0.000000    -0.000000       0.000000 2.369527e-08
 89   8.9000     0.000000    -0.000000     0.000000    -0.000000       0.000000 2.042035e-08
 90   9.0000     0.000000    -0.000000     0.000000    -0.000000       0.000000 1.759583e-08
 91   9.1000     0.000000    -0.000000     0.000000    -0.000000       0.000000 1.516013e-08
 92   9.2000     0.000000    -0.000000     0.000000    -0.000000       0.000000 1.306001e-08
 93   9.3000     0.000000    -0.000000     0.000000    -0.000000       0.000000 1.124949e-08
 94   9.4000     0.000000    -0.000000     0.000000    -0.000000       0.000000 9.688847e-09
 95   9.5000     0.000000    -0.000000     0.000000    -0.000000       0.000000 8.343767e-09
 96   9.6000     0.000000    -0.000000     0.000000    -0.000000       0.000000 7.184625e-09
 97   9.7000     0.000000    -0.000000     0.000000    -0.000000       0.000000 6.185843e-09
 98   9.8000     0.000000    -0.000000     0.000000    -0.000000       0.000000 5.325343e-09
 99   9.9000     0.000000    -0.000000     0.000000    -0.000000       0.000000 4.584069e-09
