  n        t          u^n          v^n      u^(n+1)      v^(n+1)           y(t)        error
  0   0.0000     0.010000     1.000000     0.110000     0.899950       0.010000 0.000000e+00
  1   0.1000     0.110000     0.899950     0.199995     0.809405       0.072340 3.766000e-02
  2   0.2000     0.199995     0.809405     0.280936     0.727465       0.057794 1.422012e-01
  3   0.3000     0.280936     0.727465     0.353682     0.653313       0.007142 2.737936e-01
  4   0.4000     0.353682     0.653313     0.419013     0.586214      -0.028749 3.824311e-01
  5   0.5000     0.419013     0.586214     0.477635     0.525497      -0.029710 4.487238e-01
  6   0.6000     0.477635     0.525497     0.530184     0.470559      -0.008790 4.864248e-01
  7   0.7000     0.530184     0.470559     0.577240     0.420852       0.010261 5.199236e-01
  8   0.8000     0.577240     0.420852     0.619326     0.375881       0.014389 5.628510e-01
  9   0.9000     0.619326     0.375881     0.656914     0.335196       0.006479 6.128467e-01
 10   1.0000     0.656914     0.335196     0.690433     0.298392      -0.003008 6.599219e-01
 11   1.1000     0.690433     0.298392     0.720272     0.265101      -0.006585 6.970185e-01
 12   1.2000     0.720272     0.265101     0.746783     0.234989      -0.003989 7.242611e-01
 13   1.3000     0.746783     0.234989     0.770281     0.207756       0.000473 7.463094e-01
 14   1.4000     0.770281     0.207756     0.791057     0.183129       0.002837 7.674446e-01
 15   1.5000     0.791057     0.183129     0.809370     0.160861       0.002217 7.888398e-01
 16   1.6000     0.809370     0.160861     0.825456     0.140728       0.000237 8.091334e-01
 17   1.7000     0.825456     0.140728     0.839529     0.122528      -0.001136 8.265921e-01
 18   1.8000     0.839529     0.122528     0.851782     0.106078      -0.001146 8.406753e-01
 19   1.9000     0.851782     0.106078     0.862390     0.091211      -0.000323 8.521048e-01
