  n        t          u^n          v^n      u^(n+1)      v^(n+1)           y(t)        error
  0   0.0000     0.010000     1.000000     0.104998     0.904702       0.010000 -8.673617e-18
  1   0.1000     0.104998     0.904702     0.190918     0.818031       0.105152 -1.544224e-04
  2   0.2000     0.190918     0.818031     0.268583     0.739207       0.191199 -2.809200e-04
  3   0.3000     0.268583     0.739207     0.338741     0.667521       0.268966 -3.832770e-04
  4   0.4000     0.338741     0.667521     0.402071     0.602331       0.339205 -4.648219e-04
  5   0.5000     0.402071     0.602331     0.459191     0.543049       0.402599 -5.284787e-04
  6   0.6000     0.459191     0.543049     0.510666     0.489142       0.459768 -5.768132e-04
  7   0.7000     0.510666     0.489142     0.557007     0.440126       0.511278 -6.120736e-04
  8   0.8000     0.557007     0.440126     0.598680     0.395558       0.557643 -6.362271e-04
  9   0.9000     0.598680     0.395558     0.636108     0.355038       0.599331 -6.509920e-04
 10   1.0000     0.636108     0.355038     0.669678     0.318199       0.636766 -6.578672e-04
 11   1.1000     0.669678     0.318199     0.699739     0.284709       0.670336 -6.581571e-04
 12   1.2000     0.699739     0.284709     0.726612     0.254267       0.700392 -6.529950e-04
 13   1.3000     0.726612     0.254267     0.750585     0.226597       0.727255 -6.433633e-04
 14   1.4000     0.750585     0.226597     0.771924     0.201448       0.751216 -6.301113e-04
 15   1.5000     0.771924     0.201448     0.790869     0.178593       0.772538 -6.139713e-04
 16   1.6000     0.790869     0.178593     0.807638     0.157826       0.791465 -5.955731e-04
 17   1.7000     0.807638     0.157826     0.822429     0.138957       0.808213 -5.754561e-04
 18   1.8000     0.822429     0.138957     0.835425     0.121814       0.822983 -5.540809e-04
 19   1.9000     0.835425     0.121814     0.846788     0.106243       0.835956 -5.318386e-04
 20   2.0000     0.846788     0.106243     0.856669     0.092101       0.847297 -5.090602e-04
 21   2.1000     0.856669     0.092101     0.865205     0.079260       0.857155 -4.860240e-04
 22   2.2000     0.865205     0.079260     0.872518     0.067600       0.865668 -4.629622e-04
 23   2.3000     0.872518     0.067600     0.878722     0.057017       0.872958 -4.400673e-04
 24   2.4000     0.878722     0.057017     0.883919     0.047412       0.879140 -4.174974e-04
 25   2.5000     0.883919     0.047412     0.888202     0.038698       0.884315 -3.953803e-04
 26   2.6000     0.888202     0.038698     0.891657     0.030793       0.888576 -3.738183e-04
 27   2.7000     0.891657     0.030793     0.894359     0.023624       0.892009 -3.528917e-04
 28   2.8000     0.894359     0.023624     0.896380     0.017126       0.894692 -3.326614e-04
 29   2.9000     0.896380     0.017126     0.897783     0.011237       0.896693 -3.131724e-04
 30   3.0000     0.897783     0.011237     0.898626     0.005902       0.898077 -2.944558e-04
 31   3.1000     0.898626     0.005902     0.898962     0.001071       0.898902 -2.765310e-04
 32   3.2000     0.898962     0.001071     0.898839    -0.003301       0.899221 -2.594077e-04
 33   3.3000     0.898839    -0.003301     0.898300    -0.007256       0.899082 -2.430873e-04
 34   3.4000     0.898300    -0.007256     0.897386    -0.010832       0.898528 -2.275644e-04
 35   3.5000     0.897386    -0.010832     0.896133    -0.014062       0.897599 -2.128282e-04
 36   3.6000     0.896133    -0.014062     0.894573    -0.016980       0.896332 -1.988630e-04
 37   3.7000     0.894573    -0.016980     0.892736    -0.019612       0.894759 -1.856500e-04
 38   3.8000     0.892736    -0.019612     0.890650    -0.021984       0.892910 -1.731671e-04
 39   3.9000     0.890650    -0.021984     0.888339    -0.024121       0.890812 -1.613902e-04
 40   4.0000     0.888339    -0.024121     0.885825    -0.026043       0.888489 -1.502936e-04
 41   4.1000     0.885825    -0.026043     0.883130    -0.027770       0.885965 -1.398506e-04
 42   4.2000     0.883130    -0.027770     0.880271    -0.029320       0.883260 -1.300336e-04
 43   4.3000     0.880271    -0.029320     0.877266    -0.030708       0.880392 -1.208147e-04
 44   4.4000     0.877266    -0.030708     0.874129    -0.031950       0.877378 -1.121659e-04
 45   4.5000     0.874129    -0.031950     0.870875    -0.033059       0.874233 -1.040596e-04
 46   4.6000     0.870875    -0.033059     0.867517    -0.034047       0.870972 -9.646831e-05
 47   4.7000     0.867517    -0.034047     0.864066    -0.034925       0.867606 -8.936510e-05
 48   4.8000     0.864066    -0.034925     0.860532    -0.035702       0.864148 -8.272378e-05
 49   4.9000     0.860532    -0.035702     0.856925    -0.036389       0.860608 -7.651888e-05
