  n        t          u^n          v^n      u^(n+1)      v^(n+1)           y(t)        error
  0   0.0000     0.010000     1.000000     0.033262     0.868545       0.010000 -8.673617e-18
  1   0.0250     0.033262     0.868545     0.053418     0.750794       0.033323 -6.174370e-05
  2   0.0500     0.053418     0.750794     0.070793     0.645418       0.053529 -1.115176e-04
  3   0.0750     0.070793     0.645418     0.085681     0.551213       0.070944 -1.510170e-04
  4   0.1000     0.085681     0.551213     0.098346     0.467088       0.085862 -1.817264e-04
  5   0.1250     0.098346     0.467088     0.109028     0.392057       0.098551 -2.049431e-04
  6   0.1500     0.109028     0.392057     0.117943     0.325225       0.109250 -2.218001e-04
  7   0.1750     0.117943     0.325225     0.125284     0.265784       0.118176 -2.332845e-04
  8   0.2000     0.125284     0.265784     0.131227     0.213002       0.125525 -2.402555e-04
  9   0.2250     0.131227     0.213002     0.135930     0.166217       0.131471 -2.434591e-04
 10   0.2500     0.135930     0.166217     0.139534     0.124830       0.136174 -2.435420e-04
 11   0.2750     0.139534     0.124830     0.142168     0.088299       0.139775 -2.410634e-04
 12   0.3000     0.142168     0.088299     0.143946     0.056133       0.142405 -2.365058e-04
 13   0.3250     0.143946     0.056133     0.144972     0.027891       0.144176 -2.302841e-04
 14   0.3500     0.144972     0.027891     0.145338     0.003170       0.145195 -2.227544e-04
 15   0.3750     0.145338     0.003170     0.145128    -0.018389       0.145552 -2.142210e-04
 16   0.4000     0.145128    -0.018389     0.144416    -0.037116       0.145333 -2.049431e-04
 17   0.4250     0.144416    -0.037116     0.143270    -0.053305       0.144611 -1.951402e-04
 18   0.4500     0.143270    -0.053305     0.141749    -0.067222       0.143455 -1.849979e-04
 19   0.4750     0.141749    -0.067222     0.139907    -0.079109       0.141924 -1.746716e-04
 20   0.5000     0.139907    -0.079109     0.137792    -0.089182       0.140072 -1.642907e-04
 21   0.5250     0.137792    -0.089182     0.135447    -0.097638       0.137946 -1.539624e-04
 22   0.5500     0.135447    -0.097638     0.132909    -0.104654       0.135591 -1.437742e-04
 23   0.5750     0.132909    -0.104654     0.130213    -0.110388       0.133043 -1.337969e-04
 24   0.6000     0.130213    -0.110388     0.127389    -0.114985       0.130337 -1.240871e-04
 25   0.6250     0.127389    -0.114985     0.124463    -0.118573       0.127504 -1.146887e-04
 26   0.6500     0.124463    -0.118573     0.121460    -0.121269       0.124569 -1.056353e-04
 27   0.6750     0.121460    -0.121269     0.118399    -0.123177       0.121557 -9.695141e-05
 28   0.7000     0.118399    -0.123177     0.115300    -0.124392       0.118488 -8.865398e-05
 29   0.7250     0.115300    -0.124392     0.112179    -0.124998       0.115381 -8.075350e-05
 30   0.7500     0.112179    -0.124998     0.109050    -0.125071       0.112252 -7.325511e-05
 31   0.7750     0.109050    -0.125071     0.105925    -0.124680       0.109116 -6.615947e-05
 32   0.8000     0.105925    -0.124680     0.102815    -0.123884       0.105984 -5.946356e-05
 33   0.8250     0.102815    -0.123884     0.099730    -0.122740       0.102868 -5.316133e-05
 34   0.8500     0.099730    -0.122740     0.096678    -0.121295       0.099778 -4.724433e-05
 35   0.8750     0.096678    -0.121295     0.093665    -0.119594       0.096720 -4.170213e-05
 36   0.9000     0.093665    -0.119594     0.090698    -0.117676       0.093702 -3.652285e-05
 37   0.9250     0.090698    -0.117676     0.087781    -0.115575       0.090730 -3.169345e-05
 38   0.9500     0.087781    -0.115575     0.084919    -0.113323       0.087808 -2.720007e-05
 39   0.9750     0.084919    -0.113323     0.082115    -0.110948       0.084942 -2.302828e-05
 40   1.0000     0.082115    -0.110948     0.079371    -0.108473       0.082134 -1.916334e-05
 41   1.0250     0.079371    -0.108473     0.076691    -0.105921       0.079387 -1.559033e-05
 42   1.0500     0.076691    -0.105921     0.074075    -0.103310       0.076703 -1.229436e-05
 43   1.0750     0.074075    -0.103310     0.071525    -0.100658       0.074085 -9.260660e-06
 44   1.1000     0.071525    -0.100658     0.069042    -0.097980       0.071532 -6.474689e-06
 45   1.1250     0.069042    -0.097980     0.066626    -0.095289       0.069046 -3.922234e-06
 46   1.1500     0.066626    -0.095289     0.064278    -0.092596       0.066628 -1.589467e-06
 47   1.1750     0.064278    -0.092596     0.061996    -0.089911       0.064277 5.370045e-07
 48   1.2000     0.061996    -0.089911     0.059782    -0.087244       0.061994 2.470097e-06
 49   1.2250     0.059782    -0.087244     0.057634    -0.084601       0.059778 4.222223e-06
 50   1.2500     0.057634    -0.084601     0.055552    -0.081989       0.057628 5.805273e-06
 51   1.2750     0.055552    -0.081989     0.053535    -0.079414       0.055545 7.230602e-06
 52   1.3000     0.053535    -0.079414     0.051581    -0.076880       0.053526 8.509029e-06
 53   1.3250     0.051581    -0.076880     0.049691    -0.074391       0.051572 9.650835e-06
 54   1.3500     0.049691    -0.074391     0.047862    -0.071950       0.049680 1.066577e-05
 55   1.3750     0.047862    -0.071950     0.046093    -0.069561       0.047850 1.156306e-05
 56   1.4000     0.046093    -0.069561     0.044384    -0.067225       0.046081 1.235141e-05
 57   1.4250     0.044384    -0.067225     0.042732    -0.064944       0.044371 1.303905e-05
 58   1.4500     0.042732    -0.064944     0.041136    -0.062719       0.042718 1.363371e-05
 59   1.4750     0.041136    -0.062719     0.039596    -0.060551       0.041122 1.414266e-05
 60   1.5000     0.039596    -0.060551     0.038109    -0.058441       0.039581 1.457272e-05
 61   1.5250     0.038109    -0.058441     0.036674    -0.056389       0.038094 1.493028e-05
 62   1.5500     0.036674    -0.056389     0.035289    -0.054395       0.036659 1.522134e-05
 63   1.5750     0.035289    -0.054395     0.033954    -0.052458       0.035274 1.545148e-05
 64   1.6000     0.033954    -0.052458     0.032667    -0.050579       0.033939 1.562593e-05
 65   1.6250     0.032667    -0.050579     0.031425    -0.048757       0.032651 1.574956e-05
 66   1.6500     0.031425    -0.048757     0.030229    -0.046991       0.031409 1.582692e-05
 67   1.6750     0.030229    -0.046991     0.029076    -0.045281       0.030213 1.586221e-05
 68   1.7000     0.029076    -0.045281     0.027965    -0.043625       0.029060 1.585938e-05
 69   1.7250     0.027965    -0.043625     0.026894    -0.042023       0.027949 1.582206e-05
 70   1.7500     0.026894    -0.042023     0.025863    -0.040473       0.026879 1.575364e-05
 71   1.7750     0.025863    -0.040473     0.024871    -0.038975       0.025848 1.565725e-05
 72   1.8000     0.024871    -0.038975     0.023915    -0.037527       0.024855 1.553579e-05
 73   1.8250     0.023915    -0.037527     0.022994    -0.036129       0.023899 1.539193e-05
 74   1.8500     0.022994    -0.036129     0.022108    -0.034778       0.022979 1.522816e-05
 75   1.8750     0.022108    -0.034778     0.021255    -0.033474       0.022093 1.504676e-05
 76   1.9000     0.021255    -0.033474     0.020435    -0.032215       0.021241 1.484984e-05
 77   1.9250     0.020435    -0.032215     0.019645    -0.031000       0.020420 1.463933e-05
 78   1.9500     0.019645    -0.031000     0.018885    -0.029829       0.019630 1.441702e-05
 79   1.9750     0.018885    -0.029829     0.018153    -0.028699       0.018870 1.418455e-05
 80   2.0000     0.018153    -0.028699     0.017450    -0.027609       0.018139 1.394342e-05
 81   2.0250     0.017450    -0.027609     0.016773    -0.026559       0.017436 1.369500e-05
 82   2.0500     0.016773    -0.026559     0.016122    -0.025547       0.016759 1.344055e-05
 83   2.0750     0.016122    -0.025547     0.015496    -0.024572       0.016109 1.318123e-05
 84   2.1000     0.015496    -0.024572     0.014893    -0.023632       0.015483 1.291808e-05
 85   2.1250     0.014893    -0.023632     0.014314    -0.022727       0.014881 1.265206e-05
 86   2.1500     0.014314    -0.022727     0.013757    -0.021855       0.014302 1.238404e-05
 87   2.1750     0.013757    -0.021855     0.013221    -0.021016       0.013745 1.211481e-05
 88   2.2000     0.013221    -0.021016     0.012706    -0.020208       0.013209 1.184508e-05
 89   2.2250     0.012706    -0.020208     0.012211    -0.019429       0.012694 1.157549e-05
 90   2.2500     0.012211    -0.019429     0.011735    -0.018680       0.012199 1.130664e-05
 91   2.2750     0.011735    -0.018680     0.011277    -0.017959       0.011724 1.103904e-05
 92   2.3000     0.011277    -0.017959     0.010837    -0.017266       0.011266 1.077316e-05
 93   2.3250     0.010837    -0.017266     0.010413    -0.016598       0.010826 1.050942e-05
 94   2.3500     0.010413    -0.016598     0.010007    -0.015955       0.010403 1.024820e-05
 95   2.3750     0.010007    -0.015955     0.009616    -0.015337       0.009997 9.989821e-06
 96   2.4000     0.009616    -0.015337     0.009240    -0.014743       0.009606 9.734582e-06
 97   2.4250     0.009240    -0.014743     0.008879    -0.014170       0.009230 9.482737e-06
 98   2.4500     0.008879    -0.014170     0.008531    -0.013620       0.008869 9.234510e-06
 99   2.4750     0.008531    -0.013620     0.008198    -0.013091       0.008522 8.990095e-06
100   2.5000     0.008198    -0.013091     0.007877    -0.012582       0.008189 8.749658e-06
101   2.5250     0.007877    -0.012582     0.007568    -0.012092       0.007868 8.513340e-06
102   2.5500     0.007568    -0.012092     0.007272    -0.011622       0.007560 8.281259e-06
103   2.5750     0.007272    -0.011622     0.006987    -0.011169       0.007264 8.053513e-06
104   2.6000     0.006987    -0.011169     0.006714    -0.010734       0.006980 7.830177e-06
105   2.6250     0.006714    -0.010734     0.006451    -0.010315       0.006706 7.611314e-06
106   2.6500     0.006451    -0.010315     0.006198    -0.009913       0.006443 7.396968e-06
107   2.6750     0.006198    -0.009913     0.005955    -0.009526       0.006191 7.187169e-06
108   2.7000     0.005955    -0.009526     0.005722    -0.009154       0.005948 6.981934e-06
109   2.7250     0.005722    -0.009154     0.005497    -0.008797       0.005715 6.781268e-06
110   2.7500     0.005497    -0.008797     0.005282    -0.008453       0.005491 6.585167e-06
111   2.7750     0.005282    -0.008453     0.005075    -0.008123       0.005275 6.393615e-06
112   2.8000     0.005075    -0.008123     0.004876    -0.007805       0.005069 6.206590e-06
113   2.8250     0.004876    -0.007805     0.004684    -0.007500       0.004870 6.024060e-06
114   2.8500     0.004684    -0.007500     0.004501    -0.007207       0.004679 5.845987e-06
115   2.8750     0.004501    -0.007207     0.004324    -0.006925       0.004495 5.672328e-06
116   2.9000     0.004324    -0.006925     0.004154    -0.006654       0.004319 5.503034e-06
117   2.9250     0.004154    -0.006654     0.003991    -0.006393       0.004149 5.338050e-06
118   2.9500     0.003991    -0.006393     0.003835    -0.006143       0.003986 5.177318e-06
119   2.9750     0.003835    -0.006143     0.003684    -0.005902       0.003830 5.020777e-06
120   3.0000     0.003684    -0.005902     0.003540    -0.005671       0.003679 4.868361e-06
121   3.0250     0.003540    -0.005671     0.003401    -0.005449       0.003535 4.720002e-06
122   3.0500     0.003401    -0.005449     0.003267    -0.005235       0.003396 4.575632e-06
123   3.0750     0.003267    -0.005235     0.003139    -0.005030       0.003263 4.435179e-06
124   3.1000     0.003139    -0.005030     0.003016    -0.004833       0.003135 4.298568e-06
125   3.1250     0.003016    -0.004833     0.002897    -0.004644       0.003012 4.165726e-06
126   3.1500     0.002897    -0.004644     0.002784    -0.004461       0.002893 4.036577e-06
127   3.1750     0.002784    -0.004461     0.002674    -0.004287       0.002780 3.911045e-06
128   3.2000     0.002674    -0.004287     0.002569    -0.004118       0.002671 3.789054e-06
129   3.2250     0.002569    -0.004118     0.002468    -0.003957       0.002566 3.670526e-06
130   3.2500     0.002468    -0.003957     0.002371    -0.003802       0.002465 3.555385e-06
131   3.2750     0.002371    -0.003802     0.002278    -0.003652       0.002368 3.443554e-06
132   3.3000     0.002278    -0.003652     0.002189    -0.003509       0.002275 3.334957e-06
133   3.3250     0.002189    -0.003509     0.002103    -0.003371       0.002186 3.229517e-06
134   3.3500     0.002103    -0.003371     0.002020    -0.003239       0.002100 3.127159e-06
135   3.3750     0.002020    -0.003239     0.001941    -0.003112       0.002017 3.027809e-06
136   3.4000     0.001941    -0.003112     0.001865    -0.002990       0.001938 2.931391e-06
137   3.4250     0.001865    -0.002990     0.001791    -0.002873       0.001862 2.837834e-06
138   3.4500     0.001791    -0.002873     0.001721    -0.002760       0.001789 2.747063e-06
139   3.4750     0.001721    -0.002760     0.001653    -0.002651       0.001718 2.659009e-06
140   3.5000     0.001653    -0.002651     0.001588    -0.002547       0.001651 2.573601e-06
141   3.5250     0.001588    -0.002547     0.001526    -0.002447       0.001586 2.490769e-06
142   3.5500     0.001526    -0.002447     0.001466    -0.002351       0.001524 2.410446e-06
143   3.5750     0.001466    -0.002351     0.001408    -0.002259       0.001464 2.332564e-06
144   3.6000     0.001408    -0.002259     0.001353    -0.002170       0.001406 2.257058e-06
145   3.6250     0.001353    -0.002170     0.001300    -0.002085       0.001351 2.183863e-06
146   3.6500     0.001300    -0.002085     0.001249    -0.002003       0.001298 2.112916e-06
147   3.6750     0.001249    -0.002003     0.001200    -0.001924       0.001247 2.044154e-06
148   3.7000     0.001200    -0.001924     0.001153    -0.001849       0.001198 1.977518e-06
149   3.7250     0.001153    -0.001849     0.001107    -0.001776       0.001151 1.912948e-06
150   3.7500     0.001107    -0.001776     0.001064    -0.001706       0.001106 1.850384e-06
151   3.7750     0.001064    -0.001706     0.001022    -0.001639       0.001062 1.789772e-06
152   3.8000     0.001022    -0.001639     0.000982    -0.001575       0.001020 1.731054e-06
153   3.8250     0.000982    -0.001575     0.000943    -0.001513       0.000980 1.674177e-06
154   3.8500     0.000943    -0.001513     0.000906    -0.001454       0.000942 1.619087e-06
155   3.8750     0.000906    -0.001454     0.000871    -0.001397       0.000905 1.565733e-06
156   3.9000     0.000871    -0.001397     0.000836    -0.001342       0.000869 1.514064e-06
157   3.9250     0.000836    -0.001342     0.000804    -0.001289       0.000835 1.464030e-06
158   3.9500     0.000804    -0.001289     0.000772    -0.001238       0.000802 1.415584e-06
159   3.9750     0.000772    -0.001238     0.000742    -0.001190       0.000771 1.368678e-06
160   4.0000     0.000742    -0.001190     0.000712    -0.001143       0.000740 1.323268e-06
161   4.0250     0.000712    -0.001143     0.000684    -0.001098       0.000711 1.279307e-06
162   4.0500     0.000684    -0.001098     0.000658    -0.001055       0.000683 1.236753e-06
163   4.0750     0.000658    -0.001055     0.000632    -0.001013       0.000656 1.195564e-06
164   4.1000     0.000632    -0.001013     0.000607    -0.000974       0.000631 1.155698e-06
165   4.1250     0.000607    -0.000974     0.000583    -0.000935       0.000606 1.117115e-06
166   4.1500     0.000583    -0.000935     0.000560    -0.000899       0.000582 1.079777e-06
167   4.1750     0.000560    -0.000899     0.000538    -0.000863       0.000559 1.043645e-06
168   4.2000     0.000538    -0.000863     0.000517    -0.000829       0.000537 1.008682e-06
169   4.2250     0.000517    -0.000829     0.000497    -0.000797       0.000516 9.748535e-07
170   4.2500     0.000497    -0.000797     0.000477    -0.000765       0.000496 9.421233e-07
171   4.2750     0.000477    -0.000765     0.000458    -0.000735       0.000476 9.104579e-07
172   4.3000     0.000458    -0.000735     0.000440    -0.000706       0.000458 8.798243e-07
173   4.3250     0.000440    -0.000706     0.000423    -0.000679       0.000440 8.501905e-07
174   4.3500     0.000423    -0.000679     0.000406    -0.000652       0.000422 8.215254e-07
175   4.3750     0.000406    -0.000652     0.000390    -0.000626       0.000406 7.937988e-07
176   4.4000     0.000390    -0.000626     0.000375    -0.000602       0.000390 7.669812e-07
177   4.4250     0.000375    -0.000602     0.000360    -0.000578       0.000374 7.410442e-07
178   4.4500     0.000360    -0.000578     0.000346    -0.000555       0.000360 7.159601e-07
179   4.4750     0.000346    -0.000555     0.000333    -0.000534       0.000346 6.917020e-07
180   4.5000     0.000333    -0.000534     0.000320    -0.000513       0.000332 6.682438e-07
181   4.5250     0.000320    -0.000513     0.000307    -0.000492       0.000319 6.455602e-07
182   4.5500     0.000307    -0.000492     0.000295    -0.000473       0.000306 6.236266e-07
183   4.5750     0.000295    -0.000473     0.000283    -0.000455       0.000294 6.024192e-07
184   4.6000     0.000283    -0.000455     0.000272    -0.000437       0.000283 5.819148e-07
185   4.6250     0.000272    -0.000437     0.000261    -0.000420       0.000272 5.620909e-07
186   4.6500     0.000261    -0.000420     0.000251    -0.000403       0.000261 5.429259e-07
187   4.6750     0.000251    -0.000403     0.000241    -0.000387       0.000251 5.243986e-07
188   4.7000     0.000241    -0.000387     0.000232    -0.000372       0.000241 5.064884e-07
189   4.7250     0.000232    -0.000372     0.000223    -0.000357       0.000231 4.891756e-07
190   4.7500     0.000223    -0.000357     0.000214    -0.000343       0.000222 4.724410e-07
191   4.7750     0.000214    -0.000343     0.000206    -0.000330       0.000214 4.562657e-07
192   4.8000     0.000206    -0.000330     0.000197    -0.000317       0.000205 4.406318e-07
193   4.8250     0.000197    -0.000317     0.000190    -0.000304       0.000197 4.255217e-07
194   4.8500     0.000190    -0.000304     0.000182    -0.000292       0.000189 4.109184e-07
195   4.8750     0.000182    -0.000292     0.000175    -0.000281       0.000182 3.968055e-07
196   4.9000     0.000175    -0.000281     0.000168    -0.000270       0.000175 3.831669e-07
197   4.9250     0.000168    -0.000270     0.000162    -0.000259       0.000168 3.699872e-07
198   4.9500     0.000162    -0.000259     0.000155    -0.000249       0.000161 3.572514e-07
199   4.9750     0.000155    -0.000249     0.000149    -0.000239       0.000155 3.449450e-07
200   5.0000     0.000149    -0.000239     0.000143    -0.000230       0.000149 3.330539e-07
201   5.0250     0.000143    -0.000230     0.000138    -0.000221       0.000143 3.215646e-07
202   5.0500     0.000138    -0.000221     0.000132    -0.000212       0.000137 3.104637e-07
203   5.0750     0.000132    -0.000212     0.000127    -0.000204       0.000132 2.997386e-07
204   5.1000     0.000127    -0.000204     0.000122    -0.000196       0.000127 2.893768e-07
205   5.1250     0.000122    -0.000196     0.000117    -0.000188       0.000122 2.793665e-07
206   5.1500     0.000117    -0.000188     0.000113    -0.000181       0.000117 2.696958e-07
207   5.1750     0.000113    -0.000181     0.000108    -0.000174       0.000112 2.603537e-07
208   5.2000     0.000108    -0.000174     0.000104    -0.000167       0.000108 2.513293e-07
209   5.2250     0.000104    -0.000167     0.000100    -0.000160       0.000104 2.426120e-07
210   5.2500     0.000100    -0.000160     0.000096    -0.000154       0.000100 2.341916e-07
211   5.2750     0.000096    -0.000154     0.000092    -0.000148       0.000096 2.260582e-07
212   5.3000     0.000092    -0.000148     0.000089    -0.000142       0.000092 2.182024e-07
213   5.3250     0.000089    -0.000142     0.000085    -0.000137       0.000088 2.106148e-07
214   5.3500     0.000085    -0.000137     0.000082    -0.000131       0.000085 2.032865e-07
215   5.3750     0.000082    -0.000131     0.000079    -0.000126       0.000082 1.962089e-07
216   5.4000     0.000079    -0.000126     0.000075    -0.000121       0.000078 1.893735e-07
217   5.4250     0.000075    -0.000121     0.000072    -0.000116       0.000075 1.827724e-07
218   5.4500     0.000072    -0.000116     0.000070    -0.000112       0.000072 1.763975e-07
219   5.4750     0.000070    -0.000112     0.000067    -0.000107       0.000069 1.702414e-07
220   5.5000     0.000067    -0.000107     0.000064    -0.000103       0.000067 1.642967e-07
221   5.5250     0.000064    -0.000103     0.000062    -0.000099       0.000064 1.585562e-07
222   5.5500     0.000062    -0.000099     0.000059    -0.000095       0.000062 1.530132e-07
223   5.5750     0.000059    -0.000095     0.000057    -0.000091       0.000059 1.476609e-07
224   5.6000     0.000057    -0.000091     0.000055    -0.000088       0.000057 1.424929e-07
225   5.6250     0.000055    -0.000088     0.000053    -0.000084       0.000055 1.375031e-07
226   5.6500     0.000053    -0.000084     0.000051    -0.000081       0.000052 1.326854e-07
227   5.6750     0.000051    -0.000081     0.000049    -0.000078       0.000050 1.280339e-07
228   5.7000     0.000049    -0.000078     0.000047    -0.000075       0.000048 1.235431e-07
229   5.7250     0.000047    -0.000075     0.000045    -0.000072       0.000047 1.192075e-07
230   5.7500     0.000045    -0.000072     0.000043    -0.000069       0.000045 1.150219e-07
231   5.7750     0.000043    -0.000069     0.000041    -0.000066       0.000043 1.109811e-07
232   5.8000     0.000041    -0.000066     0.000040    -0.000064       0.000041 1.070802e-07
233   5.8250     0.000040    -0.000064     0.000038    -0.000061       0.000040 1.033145e-07
234   5.8500     0.000038    -0.000061     0.000037    -0.000059       0.000038 9.967944e-08
235   5.8750     0.000037    -0.000059     0.000035    -0.000057       0.000037 9.617049e-08
236   5.9000     0.000035    -0.000057     0.000034    -0.000054       0.000035 9.278337e-08
237   5.9250     0.000034    -0.000054     0.000033    -0.000052       0.000034 8.951394e-08
238   5.9500     0.000033    -0.000052     0.000031    -0.000050       0.000032 8.635816e-08
239   5.9750     0.000031    -0.000050     0.000030    -0.000048       0.000031 8.331217e-08
240   6.0000     0.000030    -0.000048     0.000029    -0.000046       0.000030 8.037219e-08
241   6.0250     0.000029    -0.000046     0.000028    -0.000044       0.000029 7.753462e-08
242   6.0500     0.000028    -0.000044     0.000027    -0.000043       0.000028 7.479594e-08
243   6.0750     0.000027    -0.000043     0.000026    -0.000041       0.000027 7.215275e-08
244   6.1000     0.000026    -0.000041     0.000025    -0.000039       0.000025 6.960180e-08
245   6.1250     0.000025    -0.000039     0.000024    -0.000038       0.000024 6.713989e-08
246   6.1500     0.000024    -0.000038     0.000023    -0.000036       0.000024 6.476399e-08
247   6.1750     0.000023    -0.000036     0.000022    -0.000035       0.000023 6.247113e-08
248   6.2000     0.000022    -0.000035     0.000021    -0.000034       0.000022 6.025845e-08
249   6.2250     0.000021    -0.000034     0.000020    -0.000032       0.000021 5.812320e-08
250   6.2500     0.000020    -0.000032     0.000019    -0.000031       0.000020 5.606271e-08
251   6.2750     0.000019    -0.000031     0.000019    -0.000030       0.000019 5.407439e-08
252   6.3000     0.000019    -0.000030     0.000018    -0.000029       0.000018 5.215576e-08
253   6.3250     0.000018    -0.000029     0.000017    -0.000027       0.000018 5.030441e-08
254   6.3500     0.000017    -0.000027     0.000016    -0.000026       0.000017 4.851802e-08
255   6.3750     0.000016    -0.000026     0.000016    -0.000025       0.000016 4.679434e-08
256   6.4000     0.000016    -0.000025     0.000015    -0.000024       0.000016 4.513120e-08
257   6.4250     0.000015    -0.000024     0.000015    -0.000023       0.000015 4.352651e-08
258   6.4500     0.000015    -0.000023     0.000014    -0.000022       0.000015 4.197824e-08
259   6.4750     0.000014    -0.000022     0.000013    -0.000022       0.000014 4.048443e-08
260   6.5000     0.000013    -0.000022     0.000013    -0.000021       0.000013 3.904319e-08
261   6.5250     0.000013    -0.000021     0.000012    -0.000020       0.000013 3.765271e-08
262   6.5500     0.000012    -0.000020     0.000012    -0.000019       0.000012 3.631121e-08
263   6.5750     0.000012    -0.000019     0.000011    -0.000018       0.000012 3.501700e-08
264   6.6000     0.000011    -0.000018     0.000011    -0.000018       0.000011 3.376842e-08
265   6.6250     0.000011    -0.000018     0.000011    -0.000017       0.000011 3.256390e-08
266   6.6500     0.000011    -0.000017     0.000010    -0.000016       0.000011 3.140189e-08
267   6.6750     0.000010    -0.000016     0.000010    -0.000016       0.000010 3.028093e-08
268   6.7000     0.000010    -0.000016     0.000009    -0.000015       0.000010 2.919956e-08
269   6.7250     0.000009    -0.000015     0.000009    -0.000014       0.000009 2.815643e-08
270   6.7500     0.000009    -0.000014     0.000009    -0.000014       0.000009 2.715018e-08
271   6.7750     0.000009    -0.000014     0.000008    -0.000013       0.000009 2.617953e-08
272   6.8000     0.000008    -0.000013     0.000008    -0.000013       0.000008 2.524324e-08
273   6.8250     0.000008    -0.000013     0.000008    -0.000012       0.000008 2.434011e-08
274   6.8500     0.000008    -0.000012     0.000007    -0.000012       0.000008 2.346897e-08
275   6.8750     0.000007    -0.000012     0.000007    -0.000011       0.000007 2.262871e-08
276   6.9000     0.000007    -0.000011     0.000007    -0.000011       0.000007 2.181825e-08
277   6.9250     0.000007    -0.000011     0.000007    -0.000010       0.000007 2.103653e-08
278   6.9500     0.000007    -0.000010     0.000006    -0.000010       0.000007 2.028256e-08
279   6.9750     0.000006    -0.000010     0.000006    -0.000010       0.000006 1.955536e-08
280   7.0000     0.000006    -0.000010     0.000006    -0.000009       0.000006 1.885399e-08
281   7.0250     0.000006    -0.000009     0.000006    -0.000009       0.000006 1.817754e-08
282   7.0500     0.000006    -0.000009     0.000005    -0.000009       0.000006 1.752514e-08
283   7.0750     0.000005    -0.000009     0.000005    -0.000008       0.000005 1.689594e-08
284   7.1000     0.000005    -0.000008     0.000005    -0.000008       0.000005 1.628913e-08
285   7.1250     0.000005    -0.000008     0.000005    -0.000008       0.000005 1.570392e-08
286   7.1500     0.000005    -0.000008     0.000005    -0.000007       0.000005 1.513955e-08
287   7.1750     0.000005    -0.000007     0.000004    -0.000007       0.000005 1.459528e-08
288   7.2000     0.000004    -0.000007     0.000004    -0.000007       0.000004 1.407040e-08
289   7.2250     0.000004    -0.000007     0.000004    -0.000006       0.000004 1.356424e-08
290   7.2500     0.000004    -0.000006     0.000004    -0.000006       0.000004 1.307613e-08
291   7.2750     0.000004    -0.000006     0.000004    -0.000006       0.000004 1.260543e-08
292   7.3000     0.000004    -0.000006     0.000004    -0.000006       0.000004 1.215153e-08
293   7.3250     0.000004    -0.000006     0.000003    -0.000006       0.000004 1.171384e-08
294   7.3500     0.000003    -0.000006     0.000003    -0.000005       0.000003 1.129179e-08
295   7.3750     0.000003    -0.000005     0.000003    -0.000005       0.000003 1.088481e-08
296   7.4000     0.000003    -0.000005     0.000003    -0.000005       0.000003 1.049239e-08
297   7.4250     0.000003    -0.000005     0.000003    -0.000005       0.000003 1.011399e-08
298   7.4500     0.000003    -0.000005     0.000003    -0.000005       0.000003 9.749131e-09
299   7.4750     0.000003    -0.000005     0.000003    -0.000004       0.000003 9.397328e-09
300   7.5000     0.000003    -0.000004     0.000003    -0.000004       0.000003 9.058119e-09
301   7.5250     0.000003    -0.000004     0.000002    -0.000004       0.000003 8.731056e-09
302   7.5500     0.000002    -0.000004     0.000002    -0.000004       0.000002 8.415710e-09
303   7.5750     0.000002    -0.000004     0.000002    -0.000004       0.000002 8.111665e-09
304   7.6000     0.000002    -0.000004     0.000002    -0.000004       0.000002 7.818519e-09
305   7.6250     0.000002    -0.000004     0.000002    -0.000003       0.000002 7.535886e-09
306   7.6500     0.000002    -0.000003     0.000002    -0.000003       0.000002 7.263391e-09
307   7.6750     0.000002    -0.000003     0.000002    -0.000003       0.000002 7.000675e-09
308   7.7000     0.000002    -0.000003     0.000002    -0.000003       0.000002 6.747390e-09
309   7.7250     0.000002    -0.000003     0.000002    -0.000003       0.000002 6.503200e-09
310   7.7500     0.000002    -0.000003     0.000002    -0.000003       0.000002 6.267781e-09
311   7.7750     0.000002    -0.000003     0.000002    -0.000003       0.000002 6.040822e-09
312   7.8000     0.000002    -0.000003     0.000002    -0.000003       0.000002 5.822021e-09
313   7.8250     0.000002    -0.000003     0.000002    -0.000002       0.000002 5.611088e-09
314   7.8500     0.000002    -0.000002     0.000001    -0.000002       0.000002 5.407741e-09
315   7.8750     0.000001    -0.000002     0.000001    -0.000002       0.000001 5.211711e-09
316   7.9000     0.000001    -0.000002     0.000001    -0.000002       0.000001 5.022736e-09
317   7.9250     0.000001    -0.000002     0.000001    -0.000002       0.000001 4.840565e-09
318   7.9500     0.000001    -0.000002     0.000001    -0.000002       0.000001 4.664955e-09
319   7.9750     0.000001    -0.000002     0.000001    -0.000002       0.000001 4.495671e-09
320   8.0000     0.000001    -0.000002     0.000001    -0.000002       0.000001 4.332487e-09
321   8.0250     0.000001    -0.000002     0.000001    -0.000002       0.000001 4.175187e-09
322   8.0500     0.000001    -0.000002     0.000001    -0.000002       0.000001 4.023558e-09
323   8.0750     0.000001    -0.000002     0.000001    -0.000002       0.000001 3.877398e-09
324   8.1000     0.000001    -0.000002     0.000001    -0.000002       0.000001 3.736512e-09
325   8.1250     0.000001    -0.000002     0.000001    -0.000002       0.000001 3.600711e-09
326   8.1500     0.000001    -0.000002     0.000001    -0.000001       0.000001 3.469812e-09
327   8.1750     0.000001    -0.000001     0.000001    -0.000001       0.000001 3.343641e-09
328   8.2000     0.000001    -0.000001     0.000001    -0.000001       0.000001 3.222027e-09
329   8.2250     0.000001    -0.000001     0.000001    -0.000001       0.000001 3.104808e-09
330   8.2500     0.000001    -0.000001     0.000001    -0.000001       0.000001 2.991826e-09
331   8.2750     0.000001    -0.000001     0.000001    -0.000001       0.000001 2.882929e-09
332   8.3000     0.000001    -0.000001     0.000001    -0.000001       0.000001 2.777970e-09
333   8.3250     0.000001    -0.000001     0.000001    -0.000001       0.000001 2.676807e-09
334   8.3500     0.000001    -0.000001     0.000001    -0.000001       0.000001 2.579306e-09
335   8.3750     0.000001    -0.000001     0.000001    -0.000001       0.000001 2.485334e-09
336   8.4000     0.000001    -0.000001     0.000001    -0.000001       0.000001 2.394764e-09
337   8.4250     0.000001    -0.000001     0.000001    -0.000001       0.000001 2.307474e-09
338   8.4500     0.000001    -0.000001     0.000001    -0.000001       0.000001 2.223346e-09
339   8.4750     0.000001    -0.000001     0.000001    -0.000001       0.000001 2.142267e-09
340   8.5000     0.000001    -0.000001     0.000001    -0.000001       0.000001 2.064126e-09
341   8.5250     0.000001    -0.000001     0.000001    -0.000001       0.000001 1.988819e-09
342   8.5500     0.000001    -0.000001     0.000000    -0.000001       0.000001 1.916242e-09
343   8.5750     0.000000    -0.000001     0.000000    -0.000001       0.000000 1.846298e-09
344   8.6000     0.000000    -0.000001     0.000000    -0.000001       0.000000 1.778893e-09
345   8.6250     0.000000    -0.000001     0.000000    -0.000001       0.000000 1.713933e-09
346   8.6500     0.000000    -0.000001     0.000000    -0.000001       0.000000 1.651332e-09
347   8.6750     0.000000    -0.000001     0.000000    -0.000001       0.000000 1.591004e-09
348   8.7000     0.000000    -0.000001     0.000000    -0.000001       0.000000 1.532867e-09
349   8.7250     0.000000    -0.000001     0.000000    -0.000001       0.000000 1.476842e-09
350   8.7500     0.000000    -0.000001     0.000000    -0.000001       0.000000 1.422854e-09
351   8.7750     0.000000    -0.000001     0.000000    -0.000001       0.000000 1.370827e-09
352   8.8000     0.000000    -0.000001     0.000000    -0.000001       0.000000 1.320693e-09
353   8.8250     0.000000    -0.000001     0.000000    -0.000000       0.000000 1.272381e-09
354   8.8500     0.000000    -0.000000     0.000000    -0.000000       0.000000 1.225827e-09
355   8.8750     0.000000    -0.000000     0.000000    -0.000000       0.000000 1.180967e-09
356   8.9000     0.000000    -0.000000     0.000000    -0.000000       0.000000 1.137740e-09
357   8.9250     0.000000    -0.000000     0.000000    -0.000000       0.000000 1.096086e-09
358   8.9500     0.000000    -0.000000     0.000000    -0.000000       0.000000 1.055949e-09
359   8.9750     0.000000    -0.000000     0.000000    -0.000000       0.000000 1.017274e-09
360   9.0000     0.000000    -0.000000     0.000000    -0.000000       0.000000 9.800075e-10
361   9.0250     0.000000    -0.000000     0.000000    -0.000000       0.000000 9.440991e-10
362   9.0500     0.000000    -0.000000     0.000000    -0.000000       0.000000 9.094994e-10
363   9.0750     0.000000    -0.000000     0.000000    -0.000000       0.000000 8.761610e-10
364   9.1000     0.000000    -0.000000     0.000000    -0.000000       0.000000 8.440383e-10
365   9.1250     0.000000    -0.000000     0.000000    -0.000000       0.000000 8.130871e-10
366   9.1500     0.000000    -0.000000     0.000000    -0.000000       0.000000 7.832651e-10
367   9.1750     0.000000    -0.000000     0.000000    -0.000000       0.000000 7.545312e-10
368   9.2000     0.000000    -0.000000     0.000000    -0.000000       0.000000 7.268460e-10
369   9.2250     0.000000    -0.000000     0.000000    -0.000000       0.000000 7.001715e-10
370   9.2500     0.000000    -0.000000     0.000000    -0.000000       0.000000 6.744710e-10
371   9.2750     0.000000    -0.000000     0.000000    -0.000000       0.000000 6.497090e-10
372   9.3000     0.000000    -0.000000     0.000000    -0.000000       0.000000 6.258516e-10
373   9.3250     0.000000    -0.000000     0.000000    -0.000000       0.000000 6.028659e-10
374   9.3500     0.000000    -0.000000     0.000000    -0.000000       0.000000 5.807202e-10
375   9.3750     0.000000    -0.000000     0.000000    -0.000000       0.000000 5.593841e-10
376   9.4000     0.000000    -0.000000     0.000000    -0.000000       0.000000 5.388280e-10
377   9.4250     0.000000    -0.000000     0.000000    -0.000000       0.000000 5.190236e-10
378   9.4500     0.000000    -0.000000     0.000000    -0.000000       0.000000 4.999436e-10
379   9.4750     0.000000    -0.000000     0.000000    -0.000000       0.000000 4.815616e-10
380   9.5000     0.000000    -0.000000     0.000000    -0.000000       0.000000 4.638523e-10
381   9.5250     0.000000    -0.000000     0.000000    -0.000000       0.000000 4.467911e-10
382   9.5500     0.000000    -0.000000     0.000000    -0.000000       0.000000 4.303545e-10
383   9.5750     0.000000    -0.000000     0.000000    -0.000000       0.000000 4.145197e-10
384   9.6000     0.000000    -0.000000     0.000000    -0.000000       0.000000 3.992649e-10
385   9.6250     0.000000    -0.000000     0.000000    -0.000000       0.000000 3.845688e-10
386   9.6500     0.000000    -0.000000     0.000000    -0.000000       0.000000 3.704112e-10
387   9.6750     0.000000    -0.000000     0.000000    -0.000000       0.000000 3.567724e-10
388   9.7000     0.000000    -0.000000     0.000000    -0.000000       0.000000 3.436334e-10
389   9.7250     0.000000    -0.000000     0.000000    -0.000000       0.000000 3.309762e-10
390   9.7500     0.000000    -0.000000     0.000000    -0.000000       0.000000 3.187830e-10
391   9.7750     0.000000    -0.000000     0.000000    -0.000000       0.000000 3.070370e-10
392   9.8000     0.000000    -0.000000     0.000000    -0.000000       0.000000 2.957219e-10
393   9.8250     0.000000    -0.000000     0.000000    -0.000000       0.000000 2.848220e-10
394   9.8500     0.000000    -0.000000     0.000000    -0.000000       0.000000 2.743220e-10
395   9.8750     0.000000    -0.000000     0.000000    -0.000000       0.000000 2.642073e-10
396   9.9000     0.000000    -0.000000     0.000000    -0.000000       0.000000 2.544640e-10
397   9.9250     0.000000    -0.000000     0.000000    -0.000000       0.000000 2.450785e-10
398   9.9500     0.000000    -0.000000     0.000000    -0.000000       0.000000 2.360376e-10
399   9.9750     0.000000    -0.000000     0.000000    -0.000000       0.000000 2.273288e-10
