  n        t          u^n          v^n      u^(n+1)      v^(n+1)           y(t)        error
  0   0.0000     0.010000     1.000000     0.033262     0.868545       0.010000 -8.673617e-18
  1   0.0250     0.033262     0.868545     0.053418     0.750794       0.033323 -6.174370e-05
  2   0.0500     0.053418     0.750794     0.070793     0.645418       0.053529 -1.115176e-04
  3   0.0750     0.070793     0.645418     0.085681     0.551213       0.070944 -1.510170e-04
  4   0.1000     0.085681     0.551213     0.098346     0.467088       0.085862 -1.817264e-04
  5   0.1250     0.098346     0.467088     0.109028     0.392057       0.098551 -2.049431e-04
  6   0.1500     0.109028     0.392057     0.117943     0.325225       0.109250 -2.218001e-04
  7   0.1750     0.117943     0.325225     0.125284     0.265784       0.118176 -2.332845e-04
  8   0.2000     0.125284     0.265784     0.131227     0.213002       0.125525 -2.402555e-04
  9   0.2250     0.131227     0.213002     0.135930     0.166217       0.131471 -2.434591e-04
 10   0.2500     0.135930     0.166217     0.139534     0.124830       0.136174 -2.435420e-04
 11   0.2750     0.139534     0.124830     0.142168     0.088299       0.139775 -2.410634e-04
 12   0.3000     0.142168     0.088299     0.143946     0.056133       0.142405 -2.365058e-04
 13   0.3250     0.143946     0.056133     0.144972     0.027891       0.144176 -2.302841e-04
 14   0.3500     0.144972     0.027891     0.145338     0.003170       0.145195 -2.227544e-04
 15   0.3750     0.145338     0.003170     0.145128    -0.018389       0.145552 -2.142210e-04
 16   0.4000     0.145128    -0.018389     0.144416    -0.037116       0.145333 -2.049431e-04
 17   0.4250     0.144416    -0.037116     0.143270    -0.053305       0.144611 -1.951402e-04
 18   0.4500     0.143270    -0.053305     0.141749    -0.067222       0.143455 -1.849979e-04
 19   0.4750     0.141749    -0.067222     0.139907    -0.079109       0.141924 -1.746716e-04
 20   0.5000     0.139907    -0.079109     0.137792    -0.089182       0.140072 -1.642907e-04
 21   0.5250     0.137792    -0.089182     0.135447    -0.097638       0.137946 -1.539624e-04
 22   0.5500     0.135447    -0.097638     0.132909    -0.104654       0.135591 -1.437742e-04
 23   0.5750     0.132909    -0.104654     0.130213    -0.110388       0.133043 -1.337969e-04
 24   0.6000     0.130213    -0.110388     0.127389    -0.114985       0.130337 -1.240871e-04
 25   0.6250     0.127389    -0.114985     0.124463    -0.118573       0.127504 -1.146887e-04
 26   0.6500     0.124463    -0.118573     0.121460    -0.121269       0.124569 -1.056353e-04
 27   0.6750     0.121460    -0.121269     0.118399    -0.123177       0.121557 -9.695141e-05
 28   0.7000     0.118399    -0.123177     0.115300    -0.124392       0.118488 -8.865398e-05
 29   0.7250     0.115300    -0.124392     0.112179    -0.124998       0.115381 -8.075350e-05
 30   0.7500     0.112179    -0.124998     0.109050    -0.125071       0.112252 -7.325511e-05
 31   0.7750     0.109050    -0.125071     0.105925    -0.124680       0.109116 -6.615947e-05
 32   0.8000     0.105925    -0.124680     0.102815    -0.123884       0.105984 -5.946356e-05
 33   0.8250     0.102815    -0.123884     0.099730    -0.122740       0.102868 -5.316133e-05
 34   0.8500     0.099730    -0.122740     0.096678    -0.121295       0.099778 -4.724433e-05
 35   0.8750     0.096678    -0.121295     0.093665    -0.119594       0.096720 -4.170213e-05
 36   0.9000     0.093665    -0.119594     0.090698    -0.117676       0.093702 -3.652285e-05
 37   0.9250     0.090698    -0.117676     0.087781    -0.115575       0.090730 -3.169345e-05
 38   0.9500     0.087781    -0.115575     0.084919    -0.113323       0.087808 -2.720007e-05
 39   0.9750     0.084919    -0.113323     0.082115    -0.110948       0.084942 -2.302828e-05
 40   1.0000     0.082115    -0.110948     0.079371    -0.108473       0.082134 -1.916334e-05
 41   1.0250     0.079371    -0.108473     0.076691    -0.105921       0.079387 -1.559033e-05
 42   1.0500     0.076691    -0.105921     0.074075    -0.103310       0.076703 -1.229436e-05
 43   1.0750     0.074075    -0.103310     0.071525    -0.100658       0.074085 -9.260660e-06
 44   1.1000     0.071525    -0.100658     0.069042    -0.097980       0.071532 -6.474689e-06
 45   1.1250     0.069042    -0.097980     0.066626    -0.095289       0.069046 -3.922234e-06
 46   1.1500     0.066626    -0.095289     0.064278    -0.092596       0.066628 -1.589467e-06
 47   1.1750     0.064278    -0.092596     0.061996    -0.089911       0.064277 5.370045e-07
 48   1.2000     0.061996    -0.089911     0.059782    -0.087244       0.061994 2.470097e-06
 49   1.2250     0.059782    -0.087244     0.057634    -0.084601       0.059778 4.222223e-06
 50   1.2500     0.057634    -0.084601     0.055552    -0.081989       0.057628 5.805273e-06
 51   1.2750     0.055552    -0.081989     0.053535    -0.079414       0.055545 7.230602e-06
 52   1.3000     0.053535    -0.079414     0.051581    -0.076880       0.053526 8.509029e-06
 53   1.3250     0.051581    -0.076880     0.049691    -0.074391       0.051572 9.650835e-06
 54   1.3500     0.049691    -0.074391     0.047862    -0.071950       0.049680 1.066577e-05
 55   1.3750     0.047862    -0.071950     0.046093    -0.069561       0.047850 1.156306e-05
 56   1.4000     0.046093    -0.069561     0.044384    -0.067225       0.046081 1.235141e-05
 57   1.4250     0.044384    -0.067225     0.042732    -0.064944       0.044371 1.303905e-05
 58   1.4500     0.042732    -0.064944     0.041136    -0.062719       0.042718 1.363371e-05
 59   1.4750     0.041136    -0.062719     0.039596    -0.060551       0.041122 1.414266e-05
 60   1.5000     0.039596    -0.060551     0.038109    -0.058441       0.039581 1.457272e-05
 61   1.5250     0.038109    -0.058441     0.036674    -0.056389       0.038094 1.493028e-05
 62   1.5500     0.036674    -0.056389     0.035289    -0.054395       0.036659 1.522134e-05
 63   1.5750     0.035289    -0.054395     0.033954    -0.052458       0.035274 1.545148e-05
 64   1.6000     0.033954    -0.052458     0.032667    -0.050579       0.033939 1.562593e-05
 65   1.6250     0.032667    -0.050579     0.031425    -0.048757       0.032651 1.574956e-05
 66   1.6500     0.031425    -0.048757     0.030229    -0.046991       0.031409 1.582692e-05
 67   1.6750     0.030229    -0.046991     0.029076    -0.045281       0.030213 1.586221e-05
 68   1.7000     0.029076    -0.045281     0.027965    -0.043625       0.029060 1.585938e-05
 69   1.7250     0.027965    -0.043625     0.026894    -0.042023       0.027949 1.582206e-05
 70   1.7500     0.026894    -0.042023     0.025863    -0.040473       0.026879 1.575364e-05
 71   1.7750     0.025863    -0.040473     0.024871    -0.038975       0.025848 1.565725e-05
 72   1.8000     0.024871    -0.038975     0.023915    -0.037527       0.024855 1.553579e-05
 73   1.8250     0.023915    -0.037527     0.022994    -0.036129       0.023899 1.539193e-05
 74   1.8500     0.022994    -0.036129     0.022108    -0.034778       0.022979 1.522816e-05
 75   1.8750     0.022108    -0.034778     0.021255    -0.033474       0.022093 1.504676e-05
 76   1.9000     0.021255    -0.033474     0.020435    -0.032215       0.021241 1.484984e-05
 77   1.9250     0.020435    -0.032215     0.019645    -0.031000       0.020420 1.463933e-05
 78   1.9500     0.019645    -0.031000     0.018885    -0.029829       0.019630 1.441702e-05
 79   1.9750     0.018885    -0.029829     0.018153    -0.028699       0.018870 1.418455e-05
 80   2.0000     0.018153    -0.028699     0.017450    -0.027609       0.018139 1.394342e-05
 81   2.0250     0.017450    -0.027609     0.016773    -0.026559       0.017436 1.369500e-05
 82   2.0500     0.016773    -0.026559     0.016122    -0.025547       0.016759 1.344055e-05
 83   2.0750     0.016122    -0.025547     0.015496    -0.024572       0.016109 1.318123e-05
 84   2.1000     0.015496    -0.024572     0.014893    -0.023632       0.015483 1.291808e-05
 85   2.1250     0.014893    -0.023632     0.014314    -0.022727       0.014881 1.265206e-05
 86   2.1500     0.014314    -0.022727     0.013757    -0.021855       0.014302 1.238404e-05
 87   2.1750     0.013757    -0.021855     0.013221    -0.021016       0.013745 1.211481e-05
 88   2.2000     0.013221    -0.021016     0.012706    -0.020208       0.013209 1.184508e-05
 89   2.2250     0.012706    -0.020208     0.012211    -0.019429       0.012694 1.157549e-05
 90   2.2500     0.012211    -0.019429     0.011735    -0.018680       0.012199 1.130664e-05
 91   2.2750     0.011735    -0.018680     0.011277    -0.017959       0.011724 1.103904e-05
 92   2.3000     0.011277    -0.017959     0.010837    -0.017266       0.011266 1.077316e-05
 93   2.3250     0.010837    -0.017266     0.010413    -0.016598       0.010826 1.050942e-05
 94   2.3500     0.010413    -0.016598     0.010007    -0.015955       0.010403 1.024820e-05
 95   2.3750     0.010007    -0.015955     0.009616    -0.015337       0.009997 9.989821e-06
 96   2.4000     0.009616    -0.015337     0.009240    -0.014743       0.009606 9.734582e-06
 97   2.4250     0.009240    -0.014743     0.008879    -0.014170       0.009230 9.482737e-06
 98   2.4500     0.008879    -0.014170     0.008531    -0.013620       0.008869 9.234510e-06
 99   2.4750     0.008531    -0.013620     0.008198    -0.013091       0.008522 8.990095e-06
100   2.5000     0.008198    -0.013091     0.007877    -0.012582       0.008189 8.749658e-06
101   2.5250     0.007877    -0.012582     0.007568    -0.012092       0.007868 8.513340e-06
102   2.5500     0.007568    -0.012092     0.007272    -0.011622       0.007560 8.281259e-06
103   2.5750     0.007272    -0.011622     0.006987    -0.011169       0.007264 8.053513e-06
104   2.6000     0.006987    -0.011169     0.006714    -0.010734       0.006980 7.830177e-06
105   2.6250     0.006714    -0.010734     0.006451    -0.010315       0.006706 7.611314e-06
106   2.6500     0.006451    -0.010315     0.006198    -0.009913       0.006443 7.396968e-06
107   2.6750     0.006198    -0.009913     0.005955    -0.009526       0.006191 7.187169e-06
108   2.7000     0.005955    -0.009526     0.005722    -0.009154       0.005948 6.981934e-06
109   2.7250     0.005722    -0.009154     0.005497    -0.008797       0.005715 6.781268e-06
110   2.7500     0.005497    -0.008797     0.005282    -0.008453       0.005491 6.585167e-06
111   2.7750     0.005282    -0.008453     0.005075    -0.008123       0.005275 6.393615e-06
112   2.8000     0.005075    -0.008123     0.004876    -0.007805       0.005069 6.206590e-06
113   2.8250     0.004876    -0.007805     0.004684    -0.007500       0.004870 6.024060e-06
114   2.8500     0.004684    -0.007500     0.004501    -0.007207       0.004679 5.845987e-06
115   2.8750     0.004501    -0.007207     0.004324    -0.006925       0.004495 5.672328e-06
116   2.9000     0.004324    -0.006925     0.004154    -0.006654       0.004319 5.503034e-06
117   2.9250     0.004154    -0.006654     0.003991    -0.006393       0.004149 5.338050e-06
118   2.9500     0.003991    -0.006393     0.003835    -0.006143       0.003986 5.177318e-06
119   2.9750     0.003835    -0.006143     0.003684    -0.005902       0.003830 5.020777e-06
120   3.0000     0.003684    -0.005902     0.003540    -0.005671       0.003679 4.868361e-06
121   3.0250     0.003540    -0.005671     0.003401    -0.005449       0.003535 4.720002e-06
122   3.0500     0.003401    -0.005449     0.003267    -0.005235       0.003396 4.575632e-06
123   3.0750     0.003267    -0.005235     0.003139    -0.005030       0.003263 4.435179e-06
124   3.1000     0.003139    -0.005030     0.003016    -0.004833       0.003135 4.298568e-06
125   3.1250     0.003016    -0.004833     0.002897    -0.004644       0.003012 4.165726e-06
126   3.1500     0.002897    -0.004644     0.002784    -0.004461       0.002893 4.036577e-06
127   3.1750     0.002784    -0.004461     0.002674    -0.004287       0.002780 3.911045e-06
128   3.2000     0.002674    -0.004287     0.002569    -0.004118       0.002671 3.789054e-06
129   3.2250     0.002569    -0.004118     0.002468    -0.003957       0.002566 3.670526e-06
130   3.2500     0.002468    -0.003957     0.002371    -0.003802       0.002465 3.555385e-06
131   3.2750     0.002371    -0.003802     0.002278    -0.003652       0.002368 3.443554e-06
132   3.3000     0.002278    -0.003652     0.002189    -0.003509       0.002275 3.334957e-06
133   3.3250     0.002189    -0.003509     0.002103    -0.003371       0.002186 3.229517e-06
134   3.3500     0.002103    -0.003371     0.002020    -0.003239       0.002100 3.127159e-06
135   3.3750     0.002020    -0.003239     0.001941    -0.003112       0.002017 3.027809e-06
136   3.4000     0.001941    -0.003112     0.001865    -0.002990       0.001938 2.931391e-06
137   3.4250     0.001865    -0.002990     0.001791    -0.002873       0.001862 2.837834e-06
138   3.4500     0.001791    -0.002873     0.001721    -0.002760       0.001789 2.747063e-06
139   3.4750     0.001721    -0.002760     0.001653    -0.002651       0.001718 2.659009e-06
140   3.5000     0.001653    -0.002651     0.001588    -0.002547       0.001651 2.573601e-06
141   3.5250     0.001588    -0.002547     0.001526    -0.002447       0.001586 2.490769e-06
142   3.5500     0.001526    -0.002447     0.001466    -0.002351       0.001524 2.410446e-06
143   3.5750     0.001466    -0.002351     0.001408    -0.002259       0.001464 2.332564e-06
144   3.6000     0.001408    -0.002259     0.001353    -0.002170       0.001406 2.257058e-06
145   3.6250     0.001353    -0.002170     0.001300    -0.002085       0.001351 2.183863e-06
146   3.6500     0.001300    -0.002085     0.001249    -0.002003       0.001298 2.112916e-06
147   3.6750     0.001249    -0.002003     0.001200    -0.001924       0.001247 2.044154e-06
148   3.7000     0.001200    -0.001924     0.001153    -0.001849       0.001198 1.977518e-06
149   3.7250     0.001153    -0.001849     0.001107    -0.001776       0.001151 1.912948e-06
150   3.7500     0.001107    -0.001776     0.001064    -0.001706       0.001106 1.850384e-06
151   3.7750     0.001064    -0.001706     0.001022    -0.001639       0.001062 1.789772e-06
152   3.8000     0.001022    -0.001639     0.000982    -0.001575       0.001020 1.731054e-06
153   3.8250     0.000982    -0.001575     0.000943    -0.001513       0.000980 1.674177e-06
154   3.8500     0.000943    -0.001513     0.000906    -0.001454       0.000942 1.619087e-06
155   3.8750     0.000906    -0.001454     0.000871    -0.001397       0.000905 1.565733e-06
156   3.9000     0.000871    -0.001397     0.000836    -0.001342       0.000869 1.514064e-06
157   3.9250     0.000836    -0.001342     0.000804    -0.001289       0.000835 1.464030e-06
158   3.9500     0.000804    -0.001289     0.000772    -0.001238       0.000802 1.415584e-06
159   3.9750     0.000772    -0.001238     0.000742    -0.001190       0.000771 1.368678e-06
160   4.0000     0.000742    -0.001190     0.000712    -0.001143       0.000740 1.323268e-06
161   4.0250     0.000712    -0.001143     0.000684    -0.001098       0.000711 1.279307e-06
162   4.0500     0.000684    -0.001098     0.000658    -0.001055       0.000683 1.236753e-06
163   4.0750     0.000658    -0.001055     0.000632    -0.001013       0.000656 1.195564e-06
164   4.1000     0.000632    -0.001013     0.000607    -0.000974       0.000631 1.155698e-06
165   4.1250     0.000607    -0.000974     0.000583    -0.000935       0.000606 1.117115e-06
166   4.1500     0.000583    -0.000935     0.000560    -0.000899       0.000582 1.079777e-06
167   4.1750     0.000560    -0.000899     0.000538    -0.000863       0.000559 1.043645e-06
168   4.2000     0.000538    -0.000863     0.000517    -0.000829       0.000537 1.008682e-06
169   4.2250     0.000517    -0.000829     0.000497    -0.000797       0.000516 9.748535e-07
170   4.2500     0.000497    -0.000797     0.000477    -0.000765       0.000496 9.421233e-07
171   4.2750     0.000477    -0.000765     0.000458    -0.000735       0.000476 9.104579e-07
172   4.3000     0.000458    -0.000735     0.000440    -0.000706       0.000458 8.798243e-07
173   4.3250     0.000440    -0.000706     0.000423    -0.000679       0.000440 8.501905e-07
174   4.3500     0.000423    -0.000679     0.000406    -0.000652       0.000422 8.215254e-07
175   4.3750     0.000406    -0.000652     0.000390    -0.000626       0.000406 7.937988e-07
176   4.4000     0.000390    -0.000626     0.000375    -0.000602       0.000390 7.669812e-07
177   4.4250     0.000375    -0.000602     0.000360    -0.000578       0.000374 7.410442e-07
178   4.4500     0.000360    -0.000578     0.000346    -0.000555       0.000360 7.159601e-07
179   4.4750     0.000346    -0.000555     0.000333    -0.000534       0.000346 6.917020e-07
180   4.5000     0.000333    -0.000534     0.000320    -0.000513       0.000332 6.682438e-07
181   4.5250     0.000320    -0.000513     0.000307    -0.000492       0.000319 6.455602e-07
182   4.5500     0.000307    -0.000492     0.000295    -0.000473       0.000306 6.236266e-07
183   4.5750     0.000295    -0.000473     0.000283    -0.000455       0.000294 6.024192e-07
184   4.6000     0.000283    -0.000455     0.000272    -0.000437       0.000283 5.819148e-07
185   4.6250     0.000272    -0.000437     0.000261    -0.000420       0.000272 5.620909e-07
186   4.6500     0.000261    -0.000420     0.000251    -0.000403       0.000261 5.429259e-07
187   4.6750     0.000251    -0.000403     0.000241    -0.000387       0.000251 5.243986e-07
188   4.7000     0.000241    -0.000387     0.000232    -0.000372       0.000241 5.064884e-07
189   4.7250     0.000232    -0.000372     0.000223    -0.000357       0.000231 4.891756e-07
190   4.7500     0.000223    -0.000357     0.000214    -0.000343       0.000222 4.724410e-07
191   4.7750     0.000214    -0.000343     0.000206    -0.000330       0.000214 4.562657e-07
192   4.8000     0.000206    -0.000330     0.000197    -0.000317       0.000205 4.406318e-07
193   4.8250     0.000197    -0.000317     0.000190    -0.000304       0.000197 4.255217e-07
194   4.8500     0.000190    -0.000304     0.000182    -0.000292       0.000189 4.109184e-07
195   4.8750     0.000182    -0.000292     0.000175    -0.000281       0.000182 3.968055e-07
196   4.9000     0.000175    -0.000281     0.000168    -0.000270       0.000175 3.831669e-07
197   4.9250     0.000168    -0.000270     0.000162    -0.000259       0.000168 3.699872e-07
198   4.9500     0.000162    -0.000259     0.000155    -0.000249       0.000161 3.572514e-07
199   4.9750     0.000155    -0.000249     0.000149    -0.000239       0.000155 3.449450e-07
