  n        t          u^n          v^n      u^(n+1)      v^(n+1)           y(t)        error
  0   0.0000     0.010000     1.000000     0.082187     0.565469       0.010000 -8.673617e-18
  1   0.1000     0.082187     0.565469     0.120616     0.285076       0.085862 -3.674768e-03
  2   0.2000     0.120616     0.285076     0.137514     0.107839       0.125525 -4.908972e-03
  3   0.3000     0.137514     0.107839     0.141035    -0.000843       0.142405 -4.890118e-03
  4   0.4000     0.141035    -0.000843     0.136567    -0.064387       0.145333 -4.297411e-03
  5   0.5000     0.136567    -0.064387     0.127631    -0.098583       0.140072 -3.504771e-03
  6   0.6000     0.127631    -0.098583     0.116495    -0.114025       0.130337 -2.706183e-03
  7   0.7000     0.116495    -0.114025     0.104588    -0.117781       0.118488 -1.992220e-03
  8   0.8000     0.104588    -0.117781     0.092781    -0.114527       0.105984 -1.396131e-03
  9   0.9000     0.092781    -0.114527     0.081578    -0.107322       0.093702 -9.210921e-04
 10   1.0000     0.081578    -0.107322     0.071248    -0.098138       0.082134 -5.559440e-04
 11   1.1000     0.071248    -0.098138     0.061906    -0.088223       0.071532 -2.839777e-04
 12   1.2000     0.061906    -0.088223     0.053576    -0.078339       0.061994 -8.759185e-05
 13   1.3000     0.053576    -0.078339     0.046222    -0.068929       0.053526 4.944147e-05
 14   1.4000     0.046222    -0.068929     0.039780    -0.060234       0.046081 1.410558e-04
 15   1.5000     0.039780    -0.060234     0.034170    -0.052359       0.039581 1.986897e-04
 16   1.6000     0.034170    -0.052359     0.029306    -0.045328       0.033939 2.314429e-04
 17   1.7000     0.029306    -0.045328     0.025104    -0.039116       0.029060 2.463840e-04
 18   1.8000     0.025104    -0.039116     0.021484    -0.033672       0.024855 2.488986e-04
 19   1.9000     0.021484    -0.033672     0.018371    -0.028928       0.021241 2.430209e-04
 20   2.0000     0.018371    -0.028928     0.015700    -0.024813       0.018139 2.317255e-04
 21   2.1000     0.015700    -0.024813     0.013410    -0.021257       0.015483 2.171711e-04
 22   2.2000     0.013410    -0.021257     0.011450    -0.018193       0.013209 2.008977e-04
 23   2.3000     0.011450    -0.018193     0.009773    -0.015558       0.011266 1.839817e-04
 24   2.4000     0.009773    -0.015558     0.008340    -0.013297       0.009606 1.671565e-04
 25   2.5000     0.008340    -0.013297     0.007115    -0.011358       0.008189 1.509049e-04
 26   2.6000     0.007115    -0.011358     0.006069    -0.009698       0.006980 1.355286e-04
 27   2.7000     0.006069    -0.009698     0.005177    -0.008278       0.005948 1.211999e-04
 28   2.8000     0.005177    -0.008278     0.004415    -0.007064       0.005069 1.080009e-04
 29   2.9000     0.004415    -0.007064     0.003764    -0.006027       0.004319 9.595119e-05
 30   3.0000     0.003764    -0.006027     0.003210    -0.005141       0.003679 8.502882e-05
 31   3.1000     0.003210    -0.005141     0.002737    -0.004385       0.003135 7.518507e-05
 32   3.2000     0.002737    -0.004385     0.002333    -0.003740       0.002671 6.635502e-05
 33   3.3000     0.002333    -0.003740     0.001989    -0.003189       0.002275 5.846510e-05
 34   3.4000     0.001989    -0.003189     0.001696    -0.002719       0.001938 5.143820e-05
 35   3.5000     0.001696    -0.002719     0.001446    -0.002318       0.001651 4.519724e-05
 36   3.6000     0.001446    -0.002318     0.001233    -0.001977       0.001406 3.966743e-05
 37   3.7000     0.001233    -0.001977     0.001051    -0.001685       0.001198 3.477777e-05
 38   3.8000     0.001051    -0.001685     0.000896    -0.001437       0.001020 3.046190e-05
 39   3.9000     0.000896    -0.001437     0.000764    -0.001225       0.000869 2.665847e-05
 40   4.0000     0.000764    -0.001225     0.000651    -0.001044       0.000740 2.331134e-05
 41   4.1000     0.000651    -0.001044     0.000555    -0.000890       0.000631 2.036943e-05
 42   4.2000     0.000555    -0.000890     0.000473    -0.000759       0.000537 1.778662e-05
 43   4.3000     0.000473    -0.000759     0.000403    -0.000647       0.000458 1.552139e-05
 44   4.4000     0.000403    -0.000647     0.000344    -0.000551       0.000390 1.353655e-05
 45   4.5000     0.000344    -0.000551     0.000293    -0.000470       0.000332 1.179888e-05
 46   4.6000     0.000293    -0.000470     0.000250    -0.000401       0.000283 1.027882e-05
 47   4.7000     0.000250    -0.000401     0.000213    -0.000342       0.000241 8.950102e-06
 48   4.8000     0.000213    -0.000342     0.000182    -0.000291       0.000205 7.789431e-06
 49   4.9000     0.000182    -0.000291     0.000155    -0.000248       0.000175 6.776208e-06
