  n        t          u^n          v^n      u^(n+1)      v^(n+1)           y(t)        error
  0   0.0000     0.010000     1.000000     0.052500     0.612500       0.010000 0.000000e+00
  1   0.0500     0.052500     0.612500     0.072734     0.172266       0.051293 1.207141e-03
  2   0.1000     0.072734     0.172266     0.071179    -0.205164       0.072340 3.943756e-04
  3   0.1500     0.071179    -0.205164     0.053306    -0.446048       0.073060 -1.881036e-03
  4   0.2000     0.053306    -0.446048     0.027128    -0.525932       0.057794 -4.487941e-03
  5   0.2500     0.027128    -0.525932     0.000728    -0.463828       0.033384 -6.256173e-03
  6   0.3000     0.000728    -0.463828    -0.019656    -0.307570       0.007142 -6.414343e-03
  7   0.3500    -0.019656    -0.307570    -0.030655    -0.115848      -0.014843 -4.813023e-03
  8   0.4000    -0.030655    -0.115848    -0.031892     0.058091      -0.028749 -1.905964e-03
  9   0.4500    -0.031892     0.058091    -0.025364     0.177648      -0.033351 1.459732e-03
 10   0.5000    -0.025364     0.177648    -0.014421     0.227547      -0.029710 4.346795e-03
 11   0.5500    -0.014421     0.227547    -0.002663     0.212420      -0.020439 6.017549e-03
 12   0.6000    -0.002663     0.212420     0.006963     0.151053      -0.008790 6.126800e-03
 13   0.6500     0.006963     0.151053     0.012701     0.068665       0.002186 4.776943e-03
 14   0.7000     0.012701     0.068665     0.014118    -0.010506       0.010261 2.440460e-03
 15   0.7500     0.014118    -0.010506     0.011893    -0.068659       0.014326 -2.088194e-04
 16   0.8000     0.011893    -0.068659     0.007403    -0.097091       0.014389 -2.495969e-03
 17   0.8500     0.007403    -0.097091     0.002230    -0.096103       0.011321 -3.918184e-03
 18   0.9000     0.002230    -0.096103    -0.002254    -0.072823       0.006479 -4.249163e-03
 19   0.9500    -0.002254    -0.072823    -0.005158    -0.037931       0.001304 -3.557816e-03
 20   1.0000    -0.005158    -0.037931    -0.006173    -0.002327      -0.003008 -2.149600e-03
 21   1.0500    -0.006173    -0.002327    -0.005503     0.025478      -0.005715 -4.574331e-04
 22   1.1000    -0.005503     0.025478    -0.003700     0.040795      -0.006585 1.082402e-03
 23   1.1500    -0.003700     0.040795    -0.001453     0.042960      -0.005836 2.135942e-03
 24   1.2000    -0.001453     0.042960     0.000608     0.034549      -0.003989 2.535620e-03
 25   1.2500     0.000608     0.034549     0.002044     0.020012      -0.001686 2.293756e-03
 26   1.3000     0.002044     0.020012     0.002664     0.004192       0.000473 1.570540e-03
 27   1.3500     0.002664     0.004192     0.002514    -0.008903       0.002052 6.118958e-04
 28   1.4000     0.002514    -0.008903     0.001810    -0.016842       0.002837 -3.226824e-04
 29   1.4500     0.001810    -0.016842     0.000847    -0.018973       0.002834 -1.023262e-03
 30   1.5000     0.000847    -0.018973    -0.000089    -0.016158       0.002217 -1.370047e-03
 31   1.5500    -0.000089    -0.016158    -0.000785    -0.010215       0.001257 -1.345666e-03
 32   1.6000    -0.000785    -0.010215    -0.001133    -0.003272       0.000237 -1.021255e-03
 33   1.6500    -0.001133    -0.003272    -0.001135     0.002812      -0.000609 -5.242784e-04
 34   1.7000    -0.001135     0.002812    -0.000870     0.006810      -0.001136 1.048113e-06
 35   1.7500    -0.000870     0.006810    -0.000463     0.008275      -0.001300 4.300986e-04
 36   1.8000    -0.000463     0.008275    -0.000043     0.007458      -0.001146 6.830142e-04
 37   1.8500    -0.000043     0.007458     0.000288     0.005084      -0.000778 7.348820e-04
 38   1.9000     0.000288     0.005084     0.000475     0.002075      -0.000323 6.113119e-04
 39   1.9500     0.000475     0.002075     0.000506    -0.000715       0.000102 3.731587e-04
