  n        t          u^n          v^n      u^(n+1)      v^(n+1)           y(t)        error
  0   0.0000     0.010000     1.000000     0.060000     0.949975       0.010000 0.000000e+00
  1   0.0500     0.060000     0.949975     0.107499     0.902326       0.051293 8.707141e-03
  2   0.1000     0.107499     0.902326     0.152615     0.856941       0.072340 3.515875e-02
  3   0.1500     0.152615     0.856941     0.195462     0.813713       0.073060 7.955483e-02
  4   0.2000     0.195462     0.813713     0.236148     0.772538       0.057794 1.376683e-01
  5   0.2500     0.236148     0.772538     0.274775     0.733321       0.033384 2.027635e-01
  6   0.3000     0.274775     0.733321     0.311441     0.695968       0.007142 2.676328e-01
  7   0.3500     0.311441     0.695968     0.346239     0.660391      -0.014843 3.262836e-01
  8   0.4000     0.346239     0.660391     0.379259     0.626506      -0.028749 3.749883e-01
  9   0.4500     0.379259     0.626506     0.410584     0.594232      -0.033351 4.126100e-01
 10   0.5000     0.410584     0.594232     0.440296     0.563494      -0.029710 4.402944e-01
 11   0.5500     0.440296     0.563494     0.468470     0.534219      -0.020439 4.607343e-01
 12   0.6000     0.468470     0.534219     0.495181     0.506337      -0.008790 4.772604e-01
 13   0.6500     0.495181     0.506337     0.520498     0.479782       0.002186 4.929952e-01
 14   0.7000     0.520498     0.479782     0.544487     0.454492       0.010261 5.102374e-01
 15   0.7500     0.544487     0.454492     0.567212     0.430406       0.014326 5.301607e-01
 16   0.8000     0.567212     0.430406     0.588732     0.407468       0.014389 5.528225e-01
 17   0.8500     0.588732     0.407468     0.609105     0.385622       0.011321 5.774111e-01
 18   0.9000     0.609105     0.385622     0.628387     0.364818       0.006479 6.026266e-01
 19   0.9500     0.628387     0.364818     0.646627     0.345007       0.001304 6.270823e-01
 20   1.0000     0.646627     0.345007     0.663878     0.326140      -0.003008 6.496357e-01
 21   1.0500     0.663878     0.326140     0.680185     0.308173      -0.005715 6.695929e-01
 22   1.1000     0.680185     0.308173     0.695593     0.291064      -0.006585 6.867700e-01
 23   1.1500     0.695593     0.291064     0.710147     0.274772      -0.005836 7.014296e-01
 24   1.2000     0.710147     0.274772     0.723885     0.259258      -0.003989 7.141352e-01
 25   1.2500     0.723885     0.259258     0.736848     0.244485      -0.001686 7.255708e-01
 26   1.3000     0.736848     0.244485     0.749072     0.230419       0.000473 7.363750e-01
 27   1.3500     0.749072     0.230419     0.760593     0.217025       0.002052 7.470205e-01
 28   1.4000     0.760593     0.217025     0.771445     0.204272       0.002837 7.577564e-01
 29   1.4500     0.771445     0.204272     0.781658     0.192130       0.002834 7.686109e-01
 30   1.5000     0.781658     0.192130     0.791265     0.180570       0.002217 7.794409e-01
 31   1.5500     0.791265     0.180570     0.800293     0.169563       0.001257 7.900077e-01
 32   1.6000     0.800293     0.169563     0.808771     0.159084       0.000237 8.000564e-01
 33   1.6500     0.808771     0.159084     0.816726     0.149108      -0.000609 8.093804e-01
 34   1.7000     0.816726     0.149108     0.824181     0.139611      -0.001136 8.178614e-01
 35   1.7500     0.824181     0.139611     0.831161     0.130570      -0.001300 8.254810e-01
 36   1.8000     0.831161     0.130570     0.837690     0.121963      -0.001146 8.323077e-01
 37   1.8500     0.837690     0.121963     0.843788     0.113771      -0.000778 8.384681e-01
 38   1.9000     0.843788     0.113771     0.849477     0.105973      -0.000323 8.441110e-01
 39   1.9500     0.849477     0.105973     0.854775     0.098551       0.000102 8.493751e-01
