  n        t          u^n          v^n      u^(n+1)      v^(n+1)           y(t)        error
  0   0.0000     0.010000     1.000000     0.035000     0.974988       0.010000 -8.673617e-18
  1   0.0250     0.035000     0.974988     0.059375     0.950569       0.034690 3.102762e-04
  2   0.0500     0.059375     0.950569     0.083139     0.926731       0.058769 6.059023e-04
  3   0.0750     0.083139     0.926731     0.106307     0.903458       0.082252 8.873955e-04
  4   0.1000     0.106307     0.903458     0.128894     0.880739       0.105152 1.155257e-03
  5   0.1250     0.128894     0.880739     0.150912     0.858559       0.127484 1.409972e-03
  6   0.1500     0.150912     0.858559     0.172376     0.836907       0.149260 1.652012e-03
  7   0.1750     0.172376     0.836907     0.193299     0.815769       0.170494 1.881830e-03
  8   0.2000     0.193299     0.815769     0.213693     0.795133       0.191199 2.099868e-03
  9   0.2250     0.213693     0.795133     0.233571     0.774987       0.211386 2.306553e-03
 10   0.2500     0.233571     0.774987     0.252946     0.755321       0.231069 2.502298e-03
 11   0.2750     0.252946     0.755321     0.271829     0.736122       0.250258 2.687503e-03
 12   0.3000     0.271829     0.736122     0.290232     0.717379       0.268966 2.862556e-03
 13   0.3250     0.290232     0.717379     0.308167     0.699082       0.287204 3.027831e-03
 14   0.3500     0.308167     0.699082     0.325644     0.681219       0.304983 3.183691e-03
 15   0.3750     0.325644     0.681219     0.342674     0.663782       0.322313 3.330488e-03
 16   0.4000     0.342674     0.663782     0.359269     0.646759       0.339205 3.468562e-03
 17   0.4250     0.359269     0.646759     0.375438     0.630141       0.355670 3.598241e-03
 18   0.4500     0.375438     0.630141     0.391191     0.613918       0.371718 3.719845e-03
 19   0.4750     0.391191     0.613918     0.406539     0.598081       0.387357 3.833679e-03
 20   0.5000     0.406539     0.598081     0.421491     0.582621       0.402599 3.940044e-03
 21   0.5250     0.421491     0.582621     0.436057     0.567528       0.417452 4.039227e-03
 22   0.5500     0.436057     0.567528     0.450245     0.552795       0.431925 4.131506e-03
 23   0.5750     0.450245     0.552795     0.464065     0.538412       0.446028 4.217152e-03
 24   0.6000     0.464065     0.538412     0.477525     0.524372       0.459768 4.296425e-03
 25   0.6250     0.477525     0.524372     0.490634     0.510666       0.473155 4.369578e-03
 26   0.6500     0.490634     0.510666     0.503401     0.497286       0.486197 4.436854e-03
 27   0.6750     0.503401     0.497286     0.515833     0.484225       0.498902 4.498488e-03
 28   0.7000     0.515833     0.484225     0.527939     0.471474       0.511278 4.554710e-03
 29   0.7250     0.527939     0.471474     0.539726     0.459027       0.523333 4.605739e-03
 30   0.7500     0.539726     0.459027     0.551201     0.446877       0.535074 4.651788e-03
 31   0.7750     0.551201     0.446877     0.562373     0.435016       0.546508 4.693063e-03
 32   0.8000     0.562373     0.435016     0.573249     0.423438       0.557643 4.729762e-03
 33   0.8250     0.573249     0.423438     0.583834     0.412135       0.568486 4.762079e-03
 34   0.8500     0.583834     0.412135     0.594138     0.401102       0.579044 4.790198e-03
 35   0.8750     0.594138     0.401102     0.604165     0.390332       0.589324 4.814299e-03
 36   0.9000     0.604165     0.390332     0.613924     0.379818       0.599331 4.834555e-03
 37   0.9250     0.613924     0.379818     0.623419     0.369555       0.609073 4.851134e-03
 38   0.9500     0.623419     0.369555     0.632658     0.359537       0.618555 4.864196e-03
 39   0.9750     0.632658     0.359537     0.641647     0.349758       0.627784 4.873899e-03
 40   1.0000     0.641647     0.349758     0.650390     0.340212       0.636766 4.880391e-03
 41   1.0250     0.650390     0.340212     0.658896     0.330894       0.645507 4.883820e-03
 42   1.0500     0.658896     0.330894     0.667168     0.321798       0.654011 4.884325e-03
 43   1.0750     0.667168     0.321798     0.675213     0.312919       0.662286 4.882041e-03
 44   1.1000     0.675213     0.312919     0.683036     0.304252       0.670336 4.877099e-03
 45   1.1250     0.683036     0.304252     0.690642     0.295792       0.678166 4.869626e-03
 46   1.1500     0.690642     0.295792     0.698037     0.287534       0.685783 4.859742e-03
 47   1.1750     0.698037     0.287534     0.705225     0.279473       0.693190 4.847565e-03
 48   1.2000     0.705225     0.279473     0.712212     0.271604       0.700392 4.833208e-03
 49   1.2250     0.712212     0.271604     0.719002     0.263924       0.707395 4.816780e-03
 50   1.2500     0.719002     0.263924     0.725600     0.256427       0.714204 4.798386e-03
 51   1.2750     0.725600     0.256427     0.732011     0.249110       0.720822 4.778128e-03
 52   1.3000     0.732011     0.249110     0.738239     0.241967       0.727255 4.756102e-03
 53   1.3250     0.738239     0.241967     0.744288     0.234995       0.733506 4.732404e-03
 54   1.3500     0.744288     0.234995     0.750163     0.228190       0.739581 4.707123e-03
 55   1.3750     0.750163     0.228190     0.755868     0.221547       0.745483 4.680347e-03
 56   1.4000     0.755868     0.221547     0.761406     0.215064       0.751216 4.652160e-03
 57   1.4250     0.761406     0.215064     0.766783     0.208735       0.756784 4.622643e-03
 58   1.4500     0.766783     0.208735     0.772001     0.202558       0.762191 4.591874e-03
 59   1.4750     0.772001     0.202558     0.777065     0.196529       0.767441 4.559927e-03
 60   1.5000     0.777065     0.196529     0.781979     0.190645       0.772538 4.526876e-03
 61   1.5250     0.781979     0.190645     0.786745     0.184901       0.777486 4.492788e-03
 62   1.5500     0.786745     0.184901     0.791367     0.179295       0.782287 4.457731e-03
 63   1.5750     0.791367     0.179295     0.795850     0.173824       0.786945 4.421770e-03
 64   1.6000     0.795850     0.173824     0.800195     0.168483       0.791465 4.384965e-03
 65   1.6250     0.800195     0.168483     0.804407     0.163271       0.795848 4.347376e-03
 66   1.6500     0.804407     0.163271     0.808489     0.158184       0.800098 4.309060e-03
 67   1.6750     0.808489     0.158184     0.812444     0.153219       0.804219 4.270071e-03
 68   1.7000     0.812444     0.153219     0.816274     0.148373       0.808213 4.230463e-03
 69   1.7250     0.816274     0.148373     0.819983     0.143643       0.812084 4.190286e-03
 70   1.7500     0.819983     0.143643     0.823574     0.139027       0.815834 4.149587e-03
 71   1.7750     0.823574     0.139027     0.827050     0.134522       0.819466 4.108414e-03
 72   1.8000     0.827050     0.134522     0.830413     0.130125       0.822983 4.066811e-03
 73   1.8250     0.830413     0.130125     0.833666     0.125834       0.826388 4.024821e-03
 74   1.8500     0.833666     0.125834     0.836812     0.121646       0.829684 3.982484e-03
 75   1.8750     0.836812     0.121646     0.839853     0.117559       0.832872 3.939840e-03
 76   1.9000     0.839853     0.117559     0.842792     0.113570       0.835956 3.896927e-03
 77   1.9250     0.842792     0.113570     0.845631     0.109677       0.838938 3.853780e-03
 78   1.9500     0.845631     0.109677     0.848373     0.105878       0.841821 3.810434e-03
 79   1.9750     0.848373     0.105878     0.851020     0.102171       0.844606 3.766922e-03
