  n        t          u^n          v^n      u^(n+1)      v^(n+1)           y(t)        error
  0   0.0000     0.010000     1.000000     0.060000     0.949975       0.010000 -8.673617e-18
  1   0.0500     0.060000     0.949975     0.107499     0.902326       0.058769 1.231215e-03
  2   0.1000     0.107499     0.902326     0.152615     0.856941       0.105152 2.346828e-03
  3   0.1500     0.152615     0.856941     0.195462     0.813713       0.149260 3.354957e-03
  4   0.2000     0.195462     0.813713     0.236148     0.772538       0.191199 4.263214e-03
  5   0.2500     0.236148     0.772538     0.274775     0.733321       0.231069 5.078733e-03
  6   0.3000     0.274775     0.733321     0.311441     0.695968       0.268966 5.808201e-03
  7   0.3500     0.311441     0.695968     0.346239     0.660391       0.304983 6.457879e-03
  8   0.4000     0.346239     0.660391     0.379259     0.626506       0.339205 7.033633e-03
  9   0.4500     0.379259     0.626506     0.410584     0.594232       0.371718 7.540953e-03
