  n        t          u^n          v^n      u^(n+1)      v^(n+1)           y(t)        error
  0   0.0000     0.010000     1.000000     0.060000     0.721875       0.010000 -8.673617e-18
  1   0.0500     0.060000     0.721875     0.096094     0.504609       0.053529 6.470917e-03
  2   0.1000     0.096094     0.504609     0.121324     0.335813       0.085862 1.023148e-02
  3   0.1500     0.121324     0.335813     0.138115     0.205550       0.109250 1.207398e-02
  4   0.2000     0.138115     0.205550     0.148392     0.105863       0.125525 1.259025e-02
  5   0.2500     0.148392     0.105863     0.153686     0.030378       0.136174 1.221874e-02
  6   0.3000     0.153686     0.030378     0.155204    -0.026003       0.142405 1.128099e-02
  7   0.3500     0.155204    -0.026003     0.153904    -0.067353       0.145195 1.000990e-02
  8   0.4000     0.153904    -0.067353     0.150537    -0.096926       0.145333 8.571448e-03
  9   0.4500     0.150537    -0.096926     0.145690    -0.117314       0.143455 7.081485e-03
 10   0.5000     0.145690    -0.117314     0.139825    -0.130581       0.140072 5.618573e-03
 11   0.5500     0.139825    -0.130581     0.133296    -0.138366       0.135591 4.233788e-03
 12   0.6000     0.133296    -0.138366     0.126377    -0.141971       0.130337 2.958180e-03
 13   0.6500     0.126377    -0.141971     0.119279    -0.142422       0.124569 1.808413e-03
 14   0.7000     0.119279    -0.142422     0.112158    -0.140530       0.118488 7.910041e-04
 15   0.7500     0.112158    -0.140530     0.105131    -0.136934       0.112252 -9.450376e-05
 16   0.8000     0.105131    -0.136934     0.098284    -0.132130       0.105984 -8.532009e-04
 17   0.8500     0.098284    -0.132130     0.091678    -0.126508       0.099778 -1.493090e-03
 18   0.9000     0.091678    -0.126508     0.085352    -0.120368       0.093702 -2.023843e-03
 19   0.9500     0.085352    -0.120368     0.079334    -0.113939       0.087808 -2.455913e-03
 20   1.0000     0.079334    -0.113939     0.073637    -0.107398       0.082134 -2.799922e-03
 21   1.0500     0.073637    -0.107398     0.068267    -0.100875       0.076703 -3.066235e-03
 22   1.1000     0.068267    -0.100875     0.063223    -0.094468       0.071532 -3.264699e-03
 23   1.1500     0.063223    -0.094468     0.058500    -0.088247       0.066628 -3.404473e-03
 24   1.2000     0.058500    -0.088247     0.054088    -0.082260       0.061994 -3.493942e-03
 25   1.2500     0.054088    -0.082260     0.049975    -0.076541       0.057628 -3.540688e-03
 26   1.3000     0.049975    -0.076541     0.046148    -0.071109       0.053526 -3.551494e-03
 27   1.3500     0.046148    -0.071109     0.042592    -0.065975       0.049680 -3.532373e-03
 28   1.4000     0.042592    -0.065975     0.039293    -0.061142       0.046081 -3.488613e-03
 29   1.4500     0.039293    -0.061142     0.036236    -0.056607       0.042718 -3.424834e-03
 30   1.5000     0.036236    -0.056607     0.033406    -0.052364       0.039581 -3.345044e-03
 31   1.5500     0.033406    -0.052364     0.030788    -0.048403       0.036659 -3.252701e-03
 32   1.6000     0.030788    -0.048403     0.028368    -0.044714       0.033939 -3.150768e-03
 33   1.6500     0.028368    -0.044714     0.026132    -0.041282       0.031409 -3.041773e-03
 34   1.7000     0.026132    -0.041282     0.024068    -0.038096       0.029060 -2.927856e-03
 35   1.7500     0.024068    -0.038096     0.022163    -0.035141       0.026879 -2.810819e-03
 36   1.8000     0.022163    -0.035141     0.020406    -0.032403       0.024855 -2.692167e-03
 37   1.8500     0.020406    -0.032403     0.018786    -0.029869       0.022979 -2.573152e-03
 38   1.9000     0.018786    -0.029869     0.017292    -0.027526       0.021241 -2.454801e-03
 39   1.9500     0.017292    -0.027526     0.015916    -0.025360       0.019630 -2.337952e-03
