  n        t          u^n          v^n      u^(n+1)      v^(n+1)           y(t)        error
  0   0.0000     0.010000     1.000000     0.060000     0.700000       0.010000 0.000000e+00
  1   0.0500     0.060000     0.700000     0.095000     0.225000       0.051293 8.707141e-03
  2   0.1000     0.095000     0.225000     0.106250    -0.306250       0.072340 2.266000e-02
  3   0.1500     0.106250    -0.306250     0.090937    -0.760938       0.073060 3.318977e-02
  4   0.2000     0.090937    -0.760938     0.052891    -1.025391       0.057794 3.314367e-02
  5   0.2500     0.052891    -1.025391     0.001621    -1.033496       0.033384 1.950638e-02
  6   0.3000     0.001621    -1.033496    -0.050054    -0.783228       0.007142 -5.520789e-03
  7   0.3500    -0.050054    -0.783228    -0.089215    -0.337152      -0.014843 -3.521085e-02
  8   0.4000    -0.089215    -0.337152    -0.106073     0.193211      -0.028749 -6.046595e-02
  9   0.4500    -0.106073     0.193211    -0.096412     0.675272      -0.033351 -7.272138e-02
 10   0.5000    -0.096412     0.675272    -0.062649     0.988515      -0.029710 -6.670165e-02
 11   0.5500    -0.062649     0.988515    -0.013223     1.054629      -0.020439 -4.220984e-02
 12   0.6000    -0.013223     1.054629     0.039509     0.857085      -0.008790 -4.432696e-03
 13   0.6500     0.039509     0.857085     0.082363     0.445271       0.002186 3.732257e-02
 14   0.7000     0.082363     0.445271     0.104626    -0.077861       0.010261 7.210218e-02
 15   0.7500     0.104626    -0.077861     0.100733    -0.581528       0.014326 9.029998e-02
 16   0.8000     0.100733    -0.581528     0.071657    -0.939813       0.014389 8.634412e-02
 17   0.8500     0.071657    -0.939813     0.024666    -1.063145       0.011321 6.033600e-02
 18   0.9000     0.024666    -1.063145    -0.028491    -0.920690       0.006479 1.818744e-02
 19   0.9500    -0.028491    -0.920690    -0.074525    -0.548063       0.001304 -2.979523e-02
 20   1.0000    -0.074525    -0.548063    -0.101929    -0.038420      -0.003008 -7.151721e-02
 21   1.0500    -0.101929    -0.038420    -0.103850     0.480828      -0.005715 -9.621345e-02
 22   1.1000    -0.103850     0.480828    -0.079808     0.879869      -0.006585 -9.726440e-02
 23   1.1500    -0.079808     0.879869    -0.035815     1.058942      -0.005836 -7.397198e-02
 24   1.2000    -0.035815     1.058942     0.017132     0.973281      -0.003989 -3.182616e-02
 25   1.2500     0.017132     0.973281     0.065796     0.644299      -0.001686 1.881797e-02
 26   1.3000     0.065796     0.644299     0.098011     0.154242       0.000473 6.532327e-02
 27   1.3500     0.098011     0.154242     0.105723    -0.374375       0.002052 9.595948e-02
 28   1.4000     0.105723    -0.374375     0.087005    -0.809399       0.002837 1.028866e-01
 29   1.4500     0.087005    -0.809399     0.046535    -1.042072       0.002834 8.417100e-02
 30   1.5000     0.046535    -1.042072    -0.005569    -1.014228       0.002217 4.431743e-02
 31   1.5500    -0.005569    -1.014228    -0.056280    -0.732827       0.001257 -6.825821e-03
 32   1.6000    -0.056280    -0.732827    -0.092922    -0.268219       0.000237 -5.651699e-02
 33   1.6500    -0.092922    -0.268219    -0.106333     0.263444      -0.000609 -9.231248e-02
 34   1.7000    -0.106333     0.263444    -0.093160     0.729246      -0.001136 -1.051966e-01
 35   1.7500    -0.093160     0.729246    -0.056698     1.012736      -0.001300 -9.186024e-02
 36   1.8000    -0.056698     1.012736    -0.006061     1.043042      -0.001146 -5.555173e-02
 37   1.8500    -0.006061     1.043042     0.046091     0.812588      -0.000778 -5.283027e-03
 38   1.9000     0.046091     0.812588     0.086720     0.378987      -0.000323 4.641382e-02
 39   1.9500     0.086720     0.378987     0.105670    -0.149361       0.000102 8.661869e-02
 40   2.0000     0.105670    -0.149361     0.098202    -0.640369       0.000410 1.052594e-01
 41   2.0500     0.098202    -0.640369     0.066183    -0.971284       0.000562 9.763984e-02
 42   2.1000     0.066183    -0.971284     0.017619    -1.059378       0.000558 6.562509e-02
 43   2.1500     0.017619    -1.059378    -0.035350    -0.882628       0.000434 1.718464e-02
 44   2.2000    -0.035350    -0.882628    -0.079481    -0.485221       0.000244 -3.559384e-02
 45   2.2500    -0.079481    -0.485221    -0.103743     0.033492       0.000043 -7.952412e-02
 46   2.3000    -0.103743     0.033492    -0.102068     0.543831      -0.000123 -1.036193e-01
 47   2.3500    -0.102068     0.543831    -0.074876     0.918213      -0.000226 -1.018422e-01
 48   2.4000    -0.074876     0.918213    -0.028966     1.063042      -0.000257 -7.461971e-02
 49   2.4500    -0.028966     1.063042     0.024186     0.942110      -0.000225 -2.874057e-02
 50   2.5000     0.024186     0.942110     0.071292     0.585650      -0.000152 2.433820e-02
 51   2.5500     0.071292     0.585650     0.100574     0.082778      -0.000062 7.135370e-02
 52   2.6000     0.100574     0.082778     0.104713    -0.440788       0.000022 1.005527e-01
 53   2.6500     0.104713    -0.440788     0.082674    -0.854158       0.000082 1.046313e-01
 54   2.7000     0.082674    -0.854158     0.039966    -1.053988       0.000111 8.256271e-02
 55   2.7500     0.039966    -1.053988    -0.012733    -0.990321       0.000110 3.985616e-02
 56   2.8000    -0.012733    -0.990321    -0.062249    -0.679074       0.000085 -1.281839e-02
 57   2.8500    -0.062249    -0.679074    -0.096203    -0.198058       0.000047 -6.229668e-02
 58   2.9000    -0.096203    -0.198058    -0.106106     0.332472       0.000008 -9.621072e-02
 59   2.9500    -0.106106     0.332472    -0.089482     0.779884      -0.000025 -1.060811e-01
 60   3.0000    -0.089482     0.779884    -0.050488     1.032325      -0.000045 -8.943759e-02
 61   3.0500    -0.050488     1.032325     0.001128     1.026685      -0.000051 -5.043758e-02
 62   3.1000     0.001128     1.026685     0.052462     0.764374      -0.000044 1.172232e-03
 63   3.1500     0.052462     0.764374     0.090681     0.310969      -0.000030 5.249188e-02
 64   3.2000     0.090681     0.310969     0.106229    -0.220178      -0.000012 9.069278e-02
 65   3.2500     0.106229    -0.220178     0.095220    -0.696281       0.000005 1.062248e-01
 66   3.3000     0.095220    -0.696281     0.060406    -0.998313       0.000016 9.520412e-02
 67   3.3500     0.060406    -0.998313     0.010491    -1.050767       0.000022 6.038445e-02
 68   3.4000     0.010491    -1.050767    -0.042048    -0.840529       0.000022 1.046919e-02
 69   3.4500    -0.042048    -0.840529    -0.084074    -0.420159       0.000017 -4.206418e-02
 70   3.5000    -0.084074    -0.420159    -0.105082     0.105251       0.000009 -8.408316e-02
 71   3.5500    -0.105082     0.105251    -0.099819     0.604348       0.000001 -1.050833e-01
 72   3.6000    -0.099819     0.604348    -0.069602     0.952358      -0.000005 -9.981441e-02
 73   3.6500    -0.069602     0.952358    -0.021984     1.062279      -0.000009 -6.959315e-02
 74   3.7000    -0.021984     1.062279     0.031130     0.906630      -0.000010 -2.197416e-02
 75   3.7500     0.031130     0.906630     0.076461     0.524323      -0.000009 3.113846e-02
 76   3.8000     0.076461     0.524323     0.102677     0.010936      -0.000006 7.646705e-02
 77   3.8500     0.102677     0.010936     0.103224    -0.505185      -0.000002 1.026797e-01
 78   3.9000     0.103224    -0.505185     0.077965    -0.895010       0.000001 1.032233e-01
 79   3.9500     0.077965    -0.895010     0.033215    -1.061083       0.000003 7.796174e-02
 80   4.0000     0.033215    -1.061083    -0.019840    -0.961884       0.000004 3.321015e-02
 81   4.0500    -0.019840    -0.961884    -0.067934    -0.622215       0.000004 -1.984389e-02
 82   4.1000    -0.067934    -0.622215    -0.099045    -0.126992       0.000003 -6.793711e-02
 83   4.1500    -0.099045    -0.126992    -0.105394     0.399979       0.000002 -9.904639e-02
 84   4.2000    -0.105394     0.399979    -0.085395     0.826955       0.000000 -1.053945e-01
 85   4.2500    -0.085395     0.826955    -0.044048     1.047193      -0.000001 -8.539426e-02
 86   4.3000    -0.044048     1.047193     0.008312     1.005632      -0.000002 -4.404574e-02
 87   4.3500     0.008312     1.005632     0.058594     0.712663      -0.000002 8.314109e-03
 88   4.4000     0.058594     0.712663     0.094227     0.241529      -0.000002 5.859545e-02
 89   4.4500     0.094227     0.241529     0.106303    -0.289988      -0.000001 9.422804e-02
 90   4.5000     0.106303    -0.289988     0.091804    -0.749008      -0.000000 1.063038e-01
 91   4.5500     0.091804    -0.749008     0.054354    -1.020776       0.000000 9.180376e-02
 92   4.6000     0.054354    -1.020776     0.003315    -1.037350       0.000001 5.435292e-02
 93   4.6500     0.003315    -1.037350    -0.048553    -0.794586       0.000001 3.313932e-03
 94   4.7000    -0.048553    -0.794586    -0.088282    -0.353176       0.000001 -4.855352e-02
 95   4.7500    -0.088282    -0.353176    -0.105941     0.176528       0.000001 -8.828263e-02
 96   4.8000    -0.105941     0.176528    -0.097114     0.662100       0.000000 -1.059411e-01
 97   4.8500    -0.097114     0.662100    -0.064009     0.982147       0.000000 -9.711445e-02
 98   4.9000    -0.064009     0.982147    -0.014902     1.056657      -0.000000 -6.400921e-02
 99   4.9500    -0.014902     1.056657     0.037931     0.867003      -0.000000 -1.490172e-02
