  n        t          u^n          v^n      u^(n+1)      v^(n+1)           y(t)        error
  0   0.0000     0.010000     1.000000     0.035000     0.860938       0.010000 -8.673617e-18
  1   0.0250     0.035000     0.860938     0.056523     0.737090       0.033323 1.676538e-03
  2   0.0500     0.056523     0.737090     0.074951     0.626908       0.053529 2.994354e-03
  3   0.0750     0.074951     0.626908     0.090623     0.528997       0.070944 4.007003e-03
  4   0.1000     0.090623     0.528997     0.103848     0.442100       0.085862 4.761121e-03
  5   0.1250     0.103848     0.442100     0.114901     0.365085       0.098551 5.297252e-03
  6   0.1500     0.114901     0.365085     0.124028     0.296933       0.109250 5.650587e-03
  7   0.1750     0.124028     0.296933     0.131451     0.236725       0.118176 5.851611e-03
  8   0.2000     0.131451     0.236725     0.137369     0.183636       0.125525 5.926677e-03
  9   0.2250     0.137369     0.183636     0.141960     0.136922       0.131471 5.898515e-03
 10   0.2500     0.141960     0.136922     0.145383     0.095914       0.136174 5.786684e-03
 11   0.2750     0.145383     0.095914     0.147781     0.060010       0.139775 5.607960e-03
 12   0.3000     0.147781     0.060010     0.149281     0.028668       0.142405 5.376697e-03
 13   0.3250     0.149281     0.028668     0.149998     0.001401       0.144176 5.105127e-03
 14   0.3500     0.149998     0.001401     0.150033    -0.022229       0.145195 4.803635e-03
 15   0.3750     0.150033    -0.022229     0.149477    -0.042615       0.145552 4.480997e-03
 16   0.4000     0.149477    -0.042615     0.148412    -0.060112       0.145333 4.144595e-03
 17   0.4250     0.148412    -0.060112     0.146909    -0.075036       0.144611 3.800596e-03
 18   0.4500     0.146909    -0.075036     0.145033    -0.087673       0.143455 3.454120e-03
 19   0.4750     0.145033    -0.087673     0.142842    -0.098279       0.141924 3.109380e-03
