  n        t          u^n          v^n      u^(n+1)      v^(n+1)           y(t)        error
  0   0.0000     0.010000     1.000000     0.033125     0.828125       0.010000 0.000000e+00
  1   0.0250     0.033125     0.828125     0.051499     0.627563       0.032958 1.665794e-04
  2   0.0500     0.051499     0.627563     0.064598     0.413709       0.051293 2.061645e-04
  3   0.0750     0.064598     0.413709     0.072276     0.200897       0.064475 1.231301e-04
  4   0.1000     0.072276     0.200897     0.074726     0.001680       0.072340 -6.419777e-05
  5   0.1250     0.074726     0.001680     0.072430    -0.173708       0.075053 -3.270731e-04
  6   0.1500     0.072430    -0.173708     0.066095    -0.317681       0.073060 -6.303429e-04
  7   0.1750     0.066095    -0.317681     0.056584    -0.425436       0.067032 -9.365494e-04
  8   0.2000     0.056584    -0.425436     0.044845    -0.494904       0.057794 -1.209772e-03
  9   0.2250     0.044845    -0.494904     0.031844    -0.526546       0.046264 -1.418924e-03
 10   0.2500     0.031844    -0.526546     0.018508    -0.523021       0.033384 -1.540289e-03
 11   0.2750     0.018508    -0.523021     0.005671    -0.488763       0.020067 -1.559178e-03
 12   0.3000     0.005671    -0.488763    -0.005961    -0.429504       0.007142 -1.470661e-03
 13   0.3250    -0.005961    -0.429504    -0.015842    -0.351778      -0.004682 -1.279409e-03
 14   0.3500    -0.015842    -0.351778    -0.023591    -0.262432      -0.014843 -9.987435e-04
 15   0.3750    -0.023591    -0.262432    -0.029005    -0.168185      -0.022942 -6.490498e-04
 16   0.4000    -0.029005    -0.168185    -0.032040    -0.075240      -0.028749 -2.557354e-04
 17   0.4250    -0.032040    -0.075240    -0.032802     0.011023      -0.032193 1.530644e-04
 18   0.4500    -0.032802     0.011023    -0.031519     0.086268      -0.033351 5.488325e-04
 19   0.4750    -0.031519     0.086268    -0.028512     0.147335      -0.032424 9.048833e-04
 20   0.5000    -0.028512     0.147335    -0.024168     0.192290      -0.029710 1.198284e-03
 21   0.5250    -0.024168     0.192290    -0.018906     0.220391      -0.025579 1.411362e-03
 22   0.5500    -0.018906     0.220391    -0.013150     0.231988      -0.020439 1.532725e-03
 23   0.5750    -0.013150     0.231988    -0.007302     0.228372      -0.014707 1.557740e-03
 24   0.6000    -0.007302     0.228372    -0.001721     0.211586      -0.008790 1.488506e-03
 25   0.6250    -0.001721     0.211586     0.003292     0.184212      -0.003054 1.333329e-03
 26   0.6500     0.003292     0.184212     0.007506     0.149153       0.002186 1.105803e-03
 27   0.6750     0.007506     0.149153     0.010768     0.109420       0.006683 8.235789e-04
 28   0.7000     0.010768     0.109420     0.012996     0.067941       0.010261 5.069265e-04
 29   0.7250     0.012996     0.067941     0.014182     0.027397       0.012818 1.772255e-04
 30   0.7500     0.014182     0.027397     0.014381    -0.009908       0.014326 -1.445248e-04
 31   0.7750     0.014381    -0.009908     0.013699    -0.042143       0.014820 -4.390637e-04
 32   0.8000     0.013699    -0.042143     0.012283    -0.067995       0.014389 -6.900165e-04
 33   0.8250     0.012283    -0.067995     0.010306    -0.086691       0.013168 -8.847694e-04
 34   0.8500     0.010306    -0.086691     0.007952    -0.097977       0.011321 -1.015033e-03
 35   0.8750     0.007952    -0.097977     0.005407    -0.102072       0.009029 -1.077080e-03
 36   0.9000     0.005407    -0.102072     0.002846    -0.099593       0.006479 -1.071670e-03
 37   0.9250     0.002846    -0.099593     0.000423    -0.091480       0.003850 -1.003687e-03
 38   0.9500     0.000423    -0.091480    -0.001735    -0.078892       0.001304 -8.815331e-04
 39   0.9750    -0.001735    -0.078892    -0.003529    -0.063116      -0.001018 -7.163515e-04
 40   1.0000    -0.003529    -0.063116    -0.004898    -0.045476      -0.003008 -5.211222e-04
 41   1.0250    -0.004898    -0.045476    -0.005811    -0.027245      -0.004589 -3.097164e-04
 42   1.0500    -0.005811    -0.027245    -0.006268    -0.009581      -0.005715 -9.596495e-05
 43   1.0750    -0.006268    -0.009581    -0.006297     0.006532      -0.006375 1.071968e-04
 44   1.1000    -0.006297     0.006532    -0.005947     0.020320      -0.006585 2.884612e-04
 45   1.1250    -0.005947     0.020320    -0.005285     0.031242      -0.006386 4.387197e-04
 46   1.1500    -0.005285     0.031242    -0.004387     0.038991      -0.005836 5.514509e-04
 47   1.1750    -0.004387     0.038991    -0.003336     0.043486      -0.005010 6.229150e-04
 48   1.2000    -0.003336     0.043486    -0.002213     0.044851      -0.003989 6.521606e-04
 49   1.2250    -0.002213     0.044851    -0.001093     0.043380      -0.002854 6.408564e-04
 50   1.2500    -0.001093     0.043380    -0.000042     0.039501      -0.001686 5.929755e-04
 51   1.2750    -0.000042     0.039501     0.000885     0.033736      -0.000556 5.143630e-04
 52   1.3000     0.000885     0.033736     0.001648     0.026653       0.000473 4.122250e-04
 53   1.3250     0.001648     0.026653     0.002222     0.018833       0.001354 2.945768e-04
 54   1.3500     0.002222     0.018833     0.002594     0.010831       0.002052 1.696882e-04
 55   1.3750     0.002594     0.010831     0.002766     0.003145       0.002548 4.556141e-05
 56   1.4000     0.002766     0.003145     0.002754    -0.003806       0.002837 -7.053068e-05
 57   1.4250     0.002754    -0.003806     0.002578    -0.009694       0.002926 -1.724205e-04
 58   1.4500     0.002578    -0.009694     0.002271    -0.014298       0.002834 -2.553225e-04
 59   1.4750     0.002271    -0.014298     0.001864    -0.017498       0.002587 -3.160007e-04
 60   1.5000     0.001864    -0.017498     0.001396    -0.019270       0.002217 -3.528276e-04
 61   1.5250     0.001396    -0.019270     0.000901    -0.019682       0.001762 -3.657400e-04
 62   1.5500     0.000901    -0.019682     0.000411    -0.018872       0.001257 -3.561040e-04
 63   1.5750     0.000411    -0.018872    -0.000044    -0.017035       0.000738 -3.265051e-04
 64   1.6000    -0.000044    -0.017035    -0.000442    -0.014404       0.000237 -2.804842e-04
 65   1.6250    -0.000442    -0.014404    -0.000765    -0.011230      -0.000219 -2.222386e-04
 66   1.6500    -0.000765    -0.011230    -0.001005    -0.007769      -0.000609 -1.563115e-04
 67   1.6750    -0.001005    -0.007769    -0.001155    -0.004261      -0.000917 -8.728843e-05
 68   1.7000    -0.001155    -0.004261    -0.001219    -0.000921      -0.001136 -1.951921e-05
 69   1.7250    -0.001219    -0.000921    -0.001203     0.002073      -0.001262 4.312042e-05
 70   1.7500    -0.001203     0.002073    -0.001116     0.004584      -0.001300 9.741659e-05
 71   1.7750    -0.001116     0.004584    -0.000974     0.006521      -0.001257 1.409478e-04
 72   1.8000    -0.000974     0.006521    -0.000791     0.007836      -0.001146 1.721558e-04
 73   1.8250    -0.000791     0.007836    -0.000583     0.008526      -0.000981 1.903579e-04
 74   1.8500    -0.000583     0.008526    -0.000364     0.008626      -0.000778 1.957053e-04
 75   1.8750    -0.000364     0.008626    -0.000151     0.008200      -0.000554 1.890962e-04
 76   1.9000    -0.000151     0.008200     0.000046     0.007336      -0.000323 1.720514e-04
 77   1.9250     0.000046     0.007336     0.000216     0.006140      -0.000101 1.465651e-04
 78   1.9500     0.000216     0.006140     0.000354     0.004721       0.000102 1.149409e-04
 79   1.9750     0.000354     0.004721     0.000453     0.003191       0.000274 7.962565e-05
