  n        t          u^n          v^n      u^(n+1)      v^(n+1)           y(t)        error
  0   0.0000     0.010000     1.000000     0.035000     0.860938       0.010000 -8.673617e-18
  1   0.0250     0.035000     0.860938     0.056523     0.737090       0.033323 1.676538e-03
  2   0.0500     0.056523     0.737090     0.074951     0.626908       0.053529 2.994354e-03
  3   0.0750     0.074951     0.626908     0.090623     0.528997       0.070944 4.007003e-03
  4   0.1000     0.090623     0.528997     0.103848     0.442100       0.085862 4.761121e-03
  5   0.1250     0.103848     0.442100     0.114901     0.365085       0.098551 5.297252e-03
  6   0.1500     0.114901     0.365085     0.124028     0.296933       0.109250 5.650587e-03
  7   0.1750     0.124028     0.296933     0.131451     0.236725       0.118176 5.851611e-03
  8   0.2000     0.131451     0.236725     0.137369     0.183636       0.125525 5.926677e-03
  9   0.2250     0.137369     0.183636     0.141960     0.136922       0.131471 5.898515e-03
 10   0.2500     0.141960     0.136922     0.145383     0.095914       0.136174 5.786684e-03
 11   0.2750     0.145383     0.095914     0.147781     0.060010       0.139775 5.607960e-03
 12   0.3000     0.147781     0.060010     0.149281     0.028668       0.142405 5.376697e-03
 13   0.3250     0.149281     0.028668     0.149998     0.001401       0.144176 5.105127e-03
 14   0.3500     0.149998     0.001401     0.150033    -0.022229       0.145195 4.803635e-03
 15   0.3750     0.150033    -0.022229     0.149477    -0.042615       0.145552 4.480997e-03
 16   0.4000     0.149477    -0.042615     0.148412    -0.060112       0.145333 4.144595e-03
 17   0.4250     0.148412    -0.060112     0.146909    -0.075036       0.144611 3.800596e-03
 18   0.4500     0.146909    -0.075036     0.145033    -0.087673       0.143455 3.454120e-03
 19   0.4750     0.145033    -0.087673     0.142842    -0.098279       0.141924 3.109380e-03
 20   0.5000     0.142842    -0.098279     0.140385    -0.107085       0.140072 2.769807e-03
 21   0.5250     0.140385    -0.107085     0.137707    -0.114296       0.137946 2.438161e-03
 22   0.5500     0.137707    -0.114296     0.134850    -0.120097       0.135591 2.116629e-03
 23   0.5750     0.134850    -0.120097     0.131848    -0.124654       0.133043 1.806901e-03
 24   0.6000     0.131848    -0.124654     0.128731    -0.128115       0.130337 1.510255e-03
 25   0.6250     0.128731    -0.128115     0.125528    -0.130614       0.127504 1.227608e-03
 26   0.6500     0.125528    -0.130614     0.122263    -0.132268       0.124569 9.595814e-04
 27   0.6750     0.122263    -0.132268     0.118956    -0.133185       0.121557 7.065447e-04
 28   0.7000     0.118956    -0.133185     0.115627    -0.133459       0.118488 4.686575e-04
 29   0.7250     0.115627    -0.133459     0.112290    -0.133175       0.115381 2.459062e-04
 30   0.7500     0.112290    -0.133175     0.108961    -0.132409       0.112252 3.813501e-05
 31   0.7750     0.108961    -0.132409     0.105651    -0.131228       0.109116 -1.549270e-04
 32   0.8000     0.105651    -0.131228     0.102370    -0.129692       0.105984 -3.336430e-04
 33   0.8250     0.102370    -0.129692     0.099128    -0.127854       0.102868 -4.984488e-04
 34   0.8500     0.099128    -0.127854     0.095931    -0.125763       0.099778 -6.498355e-04
 35   0.8750     0.095931    -0.125763     0.092787    -0.123460       0.096720 -7.883355e-04
 36   0.9000     0.092787    -0.123460     0.089701    -0.120982       0.093702 -9.145106e-04
 37   0.9250     0.089701    -0.120982     0.086676    -0.118363       0.090730 -1.028941e-03
 38   0.9500     0.086676    -0.118363     0.083717    -0.115631       0.087808 -1.132218e-03
 39   0.9750     0.083717    -0.115631     0.080826    -0.112813       0.084942 -1.224935e-03
 40   1.0000     0.080826    -0.112813     0.078006    -0.109930       0.082134 -1.307682e-03
 41   1.0250     0.078006    -0.109930     0.075258    -0.107003       0.079387 -1.381045e-03
 42   1.0500     0.075258    -0.107003     0.072583    -0.104049       0.076703 -1.445595e-03
 43   1.0750     0.072583    -0.104049     0.069981    -0.101084       0.074085 -1.501889e-03
 44   1.1000     0.069981    -0.101084     0.067454    -0.098119       0.071532 -1.550469e-03
 45   1.1250     0.067454    -0.098119     0.065001    -0.095167       0.069046 -1.591856e-03
 46   1.1500     0.065001    -0.095167     0.062622    -0.092238       0.066628 -1.626551e-03
 47   1.1750     0.062622    -0.092238     0.060316    -0.089340       0.064277 -1.655036e-03
 48   1.2000     0.060316    -0.089340     0.058083    -0.086480       0.061994 -1.677769e-03
 49   1.2250     0.058083    -0.086480     0.055921    -0.083665       0.059778 -1.695187e-03
 50   1.2500     0.055921    -0.083665     0.053829    -0.080899       0.057628 -1.707705e-03
 51   1.2750     0.053829    -0.080899     0.051807    -0.078186       0.055545 -1.715716e-03
 52   1.3000     0.051807    -0.078186     0.049852    -0.075530       0.053526 -1.719592e-03
 53   1.3250     0.049852    -0.075530     0.047964    -0.072934       0.051572 -1.719682e-03
 54   1.3500     0.047964    -0.072934     0.046140    -0.070400       0.049680 -1.716317e-03
 55   1.3750     0.046140    -0.070400     0.044380    -0.067929       0.047850 -1.709806e-03
 56   1.4000     0.044380    -0.067929     0.042682    -0.065524       0.046081 -1.700440e-03
 57   1.4250     0.042682    -0.065524     0.041044    -0.063183       0.044371 -1.688491e-03
 58   1.4500     0.041044    -0.063183     0.039464    -0.060909       0.042718 -1.674214e-03
 59   1.4750     0.039464    -0.060909     0.037942    -0.058700       0.041122 -1.657844e-03
 60   1.5000     0.037942    -0.058700     0.036474    -0.056557       0.039581 -1.639605e-03
 61   1.5250     0.036474    -0.056557     0.035060    -0.054480       0.038094 -1.619700e-03
 62   1.5500     0.035060    -0.054480     0.033698    -0.052467       0.036659 -1.598323e-03
 63   1.5750     0.033698    -0.052467     0.032387    -0.050518       0.035274 -1.575650e-03
 64   1.6000     0.032387    -0.050518     0.031124    -0.048632       0.033939 -1.551845e-03
 65   1.6250     0.031124    -0.048632     0.029908    -0.046808       0.032651 -1.527060e-03
 66   1.6500     0.029908    -0.046808     0.028738    -0.045045       0.031409 -1.501437e-03
 67   1.6750     0.028738    -0.045045     0.027612    -0.043342       0.030213 -1.475104e-03
 68   1.7000     0.027612    -0.043342     0.026528    -0.041697       0.029060 -1.448181e-03
 69   1.7250     0.026528    -0.041697     0.025486    -0.040108       0.027949 -1.420778e-03
 70   1.7500     0.025486    -0.040108     0.024483    -0.038576       0.026879 -1.392995e-03
 71   1.7750     0.024483    -0.038576     0.023519    -0.037097       0.025848 -1.364924e-03
 72   1.8000     0.023519    -0.037097     0.022591    -0.035671       0.024855 -1.336651e-03
 73   1.8250     0.022591    -0.035671     0.021699    -0.034296       0.023899 -1.308251e-03
 74   1.8500     0.021699    -0.034296     0.020842    -0.032971       0.022979 -1.279796e-03
 75   1.8750     0.020842    -0.032971     0.020018    -0.031694       0.022093 -1.251349e-03
 76   1.9000     0.020018    -0.031694     0.019225    -0.030464       0.021241 -1.222968e-03
 77   1.9250     0.019225    -0.030464     0.018464    -0.029279       0.020420 -1.194705e-03
 78   1.9500     0.018464    -0.029279     0.017732    -0.028138       0.019630 -1.166609e-03
 79   1.9750     0.017732    -0.028138     0.017028    -0.027040       0.018870 -1.138720e-03
