  n        t          u^n          v^n      u^(n+1)      v^(n+1)           y(t)        error
  0   0.0000     0.010000     1.000000     0.110000     0.899950       0.010000 -8.673617e-18
  1   0.1000     0.110000     0.899950     0.199995     0.809405       0.105152 4.848078e-03
  2   0.2000     0.199995     0.809405     0.280936     0.727465       0.191199 8.796092e-03
  3   0.3000     0.280936     0.727465     0.353682     0.653313       0.268966 1.196903e-02
  4   0.4000     0.353682     0.653313     0.419013     0.586214       0.339205 1.447646e-02
  5   0.5000     0.419013     0.586214     0.477635     0.525497       0.402599 1.641430e-02
  6   0.6000     0.477635     0.525497     0.530184     0.470559       0.459768 1.786641e-02
  7   0.7000     0.530184     0.470559     0.577240     0.420852       0.511278 1.890601e-02
  8   0.8000     0.577240     0.420852     0.619326     0.375881       0.557643 1.959692e-02
  9   0.9000     0.619326     0.375881     0.656914     0.335196       0.599331 1.999468e-02
 10   1.0000     0.656914     0.335196     0.690433     0.298392       0.636766 2.014755e-02
 11   1.1000     0.690433     0.298392     0.720272     0.265101       0.670336 2.009735e-02
 12   1.2000     0.720272     0.265101     0.746783     0.234989       0.700392 1.988026e-02
 13   1.3000     0.746783     0.234989     0.770281     0.207756       0.727255 1.952751e-02
 14   1.4000     0.770281     0.207756     0.791057     0.183129       0.751216 1.906598e-02
 15   1.5000     0.791057     0.183129     0.809370     0.160861       0.772538 1.851872e-02
 16   1.6000     0.809370     0.160861     0.825456     0.140728       0.791465 1.790548e-02
 17   1.7000     0.825456     0.140728     0.839529     0.122528       0.808213 1.724305e-02
 18   1.8000     0.839529     0.122528     0.851782     0.106078       0.822983 1.654570e-02
 19   1.9000     0.851782     0.106078     0.862390     0.091211       0.835956 1.582548e-02
