  n        t          u^n          v^n      u^(n+1)      v^(n+1)           y(t)        error
  0   0.0000     0.010000     1.000000     0.035000     0.974988       0.010000 -8.673617e-18
  1   0.0250     0.035000     0.974988     0.059375     0.950569       0.034690 3.102762e-04
  2   0.0500     0.059375     0.950569     0.083139     0.926731       0.058769 6.059023e-04
  3   0.0750     0.083139     0.926731     0.106307     0.903458       0.082252 8.873955e-04
  4   0.1000     0.106307     0.903458     0.128894     0.880739       0.105152 1.155257e-03
  5   0.1250     0.128894     0.880739     0.150912     0.858559       0.127484 1.409972e-03
  6   0.1500     0.150912     0.858559     0.172376     0.836907       0.149260 1.652012e-03
  7   0.1750     0.172376     0.836907     0.193299     0.815769       0.170494 1.881830e-03
  8   0.2000     0.193299     0.815769     0.213693     0.795133       0.191199 2.099868e-03
  9   0.2250     0.213693     0.795133     0.233571     0.774987       0.211386 2.306553e-03
 10   0.2500     0.233571     0.774987     0.252946     0.755321       0.231069 2.502298e-03
 11   0.2750     0.252946     0.755321     0.271829     0.736122       0.250258 2.687503e-03
 12   0.3000     0.271829     0.736122     0.290232     0.717379       0.268966 2.862556e-03
 13   0.3250     0.290232     0.717379     0.308167     0.699082       0.287204 3.027831e-03
 14   0.3500     0.308167     0.699082     0.325644     0.681219       0.304983 3.183691e-03
 15   0.3750     0.325644     0.681219     0.342674     0.663782       0.322313 3.330488e-03
 16   0.4000     0.342674     0.663782     0.359269     0.646759       0.339205 3.468562e-03
 17   0.4250     0.359269     0.646759     0.375438     0.630141       0.355670 3.598241e-03
 18   0.4500     0.375438     0.630141     0.391191     0.613918       0.371718 3.719845e-03
 19   0.4750     0.391191     0.613918     0.406539     0.598081       0.387357 3.833679e-03
 20   0.5000     0.406539     0.598081     0.421491     0.582621       0.402599 3.940044e-03
 21   0.5250     0.421491     0.582621     0.436057     0.567528       0.417452 4.039227e-03
 22   0.5500     0.436057     0.567528     0.450245     0.552795       0.431925 4.131506e-03
 23   0.5750     0.450245     0.552795     0.464065     0.538412       0.446028 4.217152e-03
 24   0.6000     0.464065     0.538412     0.477525     0.524372       0.459768 4.296425e-03
 25   0.6250     0.477525     0.524372     0.490634     0.510666       0.473155 4.369578e-03
 26   0.6500     0.490634     0.510666     0.503401     0.497286       0.486197 4.436854e-03
 27   0.6750     0.503401     0.497286     0.515833     0.484225       0.498902 4.498488e-03
 28   0.7000     0.515833     0.484225     0.527939     0.471474       0.511278 4.554710e-03
 29   0.7250     0.527939     0.471474     0.539726     0.459027       0.523333 4.605739e-03
 30   0.7500     0.539726     0.459027     0.551201     0.446877       0.535074 4.651788e-03
 31   0.7750     0.551201     0.446877     0.562373     0.435016       0.546508 4.693063e-03
 32   0.8000     0.562373     0.435016     0.573249     0.423438       0.557643 4.729762e-03
 33   0.8250     0.573249     0.423438     0.583834     0.412135       0.568486 4.762079e-03
 34   0.8500     0.583834     0.412135     0.594138     0.401102       0.579044 4.790198e-03
 35   0.8750     0.594138     0.401102     0.604165     0.390332       0.589324 4.814299e-03
 36   0.9000     0.604165     0.390332     0.613924     0.379818       0.599331 4.834555e-03
 37   0.9250     0.613924     0.379818     0.623419     0.369555       0.609073 4.851134e-03
 38   0.9500     0.623419     0.369555     0.632658     0.359537       0.618555 4.864196e-03
 39   0.9750     0.632658     0.359537     0.641647     0.349758       0.627784 4.873899e-03
 40   1.0000     0.641647     0.349758     0.650390     0.340212       0.636766 4.880391e-03
 41   1.0250     0.650390     0.340212     0.658896     0.330894       0.645507 4.883820e-03
 42   1.0500     0.658896     0.330894     0.667168     0.321798       0.654011 4.884325e-03
 43   1.0750     0.667168     0.321798     0.675213     0.312919       0.662286 4.882041e-03
 44   1.1000     0.675213     0.312919     0.683036     0.304252       0.670336 4.877099e-03
 45   1.1250     0.683036     0.304252     0.690642     0.295792       0.678166 4.869626e-03
 46   1.1500     0.690642     0.295792     0.698037     0.287534       0.685783 4.859742e-03
 47   1.1750     0.698037     0.287534     0.705225     0.279473       0.693190 4.847565e-03
 48   1.2000     0.705225     0.279473     0.712212     0.271604       0.700392 4.833208e-03
 49   1.2250     0.712212     0.271604     0.719002     0.263924       0.707395 4.816780e-03
 50   1.2500     0.719002     0.263924     0.725600     0.256427       0.714204 4.798386e-03
 51   1.2750     0.725600     0.256427     0.732011     0.249110       0.720822 4.778128e-03
 52   1.3000     0.732011     0.249110     0.738239     0.241967       0.727255 4.756102e-03
 53   1.3250     0.738239     0.241967     0.744288     0.234995       0.733506 4.732404e-03
 54   1.3500     0.744288     0.234995     0.750163     0.228190       0.739581 4.707123e-03
 55   1.3750     0.750163     0.228190     0.755868     0.221547       0.745483 4.680347e-03
 56   1.4000     0.755868     0.221547     0.761406     0.215064       0.751216 4.652160e-03
 57   1.4250     0.761406     0.215064     0.766783     0.208735       0.756784 4.622643e-03
 58   1.4500     0.766783     0.208735     0.772001     0.202558       0.762191 4.591874e-03
 59   1.4750     0.772001     0.202558     0.777065     0.196529       0.767441 4.559927e-03
 60   1.5000     0.777065     0.196529     0.781979     0.190645       0.772538 4.526876e-03
 61   1.5250     0.781979     0.190645     0.786745     0.184901       0.777486 4.492788e-03
 62   1.5500     0.786745     0.184901     0.791367     0.179295       0.782287 4.457731e-03
 63   1.5750     0.791367     0.179295     0.795850     0.173824       0.786945 4.421770e-03
 64   1.6000     0.795850     0.173824     0.800195     0.168483       0.791465 4.384965e-03
 65   1.6250     0.800195     0.168483     0.804407     0.163271       0.795848 4.347376e-03
 66   1.6500     0.804407     0.163271     0.808489     0.158184       0.800098 4.309060e-03
 67   1.6750     0.808489     0.158184     0.812444     0.153219       0.804219 4.270071e-03
 68   1.7000     0.812444     0.153219     0.816274     0.148373       0.808213 4.230463e-03
 69   1.7250     0.816274     0.148373     0.819983     0.143643       0.812084 4.190286e-03
 70   1.7500     0.819983     0.143643     0.823574     0.139027       0.815834 4.149587e-03
 71   1.7750     0.823574     0.139027     0.827050     0.134522       0.819466 4.108414e-03
 72   1.8000     0.827050     0.134522     0.830413     0.130125       0.822983 4.066811e-03
 73   1.8250     0.830413     0.130125     0.833666     0.125834       0.826388 4.024821e-03
 74   1.8500     0.833666     0.125834     0.836812     0.121646       0.829684 3.982484e-03
 75   1.8750     0.836812     0.121646     0.839853     0.117559       0.832872 3.939840e-03
 76   1.9000     0.839853     0.117559     0.842792     0.113570       0.835956 3.896927e-03
 77   1.9250     0.842792     0.113570     0.845631     0.109677       0.838938 3.853780e-03
 78   1.9500     0.845631     0.109677     0.848373     0.105878       0.841821 3.810434e-03
 79   1.9750     0.848373     0.105878     0.851020     0.102171       0.844606 3.766922e-03
 80   2.0000     0.851020     0.102171     0.853575     0.098553       0.847297 3.723275e-03
 81   2.0250     0.853575     0.098553     0.856038     0.095022       0.849895 3.679523e-03
 82   2.0500     0.856038     0.095022     0.858414     0.091576       0.852403 3.635696e-03
 83   2.0750     0.858414     0.091576     0.860703     0.088214       0.854822 3.591820e-03
 84   2.1000     0.860703     0.088214     0.862909     0.084933       0.857155 3.547923e-03
 85   2.1250     0.862909     0.084933     0.865032     0.081731       0.859405 3.504028e-03
 86   2.1500     0.865032     0.081731     0.867075     0.078606       0.861572 3.460160e-03
 87   2.1750     0.867075     0.078606     0.869040     0.075557       0.863659 3.416341e-03
 88   2.2000     0.869040     0.075557     0.870929     0.072582       0.865668 3.372594e-03
 89   2.2250     0.870929     0.072582     0.872744     0.069679       0.867600 3.328938e-03
 90   2.2500     0.872744     0.069679     0.874486     0.066846       0.869459 3.285394e-03
 91   2.2750     0.874486     0.066846     0.876157     0.064082       0.871244 3.241979e-03
 92   2.3000     0.876157     0.064082     0.877759     0.061384       0.872958 3.198712e-03
 93   2.3250     0.877759     0.061384     0.879294     0.058752       0.874603 3.155610e-03
 94   2.3500     0.879294     0.058752     0.880763     0.056185       0.876181 3.112688e-03
 95   2.3750     0.880763     0.056185     0.882167     0.053679       0.877693 3.069961e-03
 96   2.4000     0.882167     0.053679     0.883509     0.051234       0.879140 3.027444e-03
 97   2.4250     0.883509     0.051234     0.884790     0.048849       0.880524 2.985150e-03
 98   2.4500     0.884790     0.048849     0.886011     0.046522       0.881847 2.943092e-03
 99   2.4750     0.886011     0.046522     0.887174     0.044251       0.883110 2.901281e-03
100   2.5000     0.887174     0.044251     0.888281     0.042036       0.884315 2.859730e-03
101   2.5250     0.888281     0.042036     0.889331     0.039875       0.885462 2.818449e-03
102   2.5500     0.889331     0.039875     0.890328     0.037766       0.886554 2.777447e-03
103   2.5750     0.890328     0.037766     0.891272     0.035709       0.887592 2.736735e-03
104   2.6000     0.891272     0.035709     0.892165     0.033702       0.888576 2.696321e-03
105   2.6250     0.892165     0.033702     0.893008     0.031745       0.889509 2.656212e-03
106   2.6500     0.893008     0.031745     0.893801     0.029835       0.890391 2.616418e-03
107   2.6750     0.893801     0.029835     0.894547     0.027972       0.891224 2.576945e-03
108   2.7000     0.894547     0.027972     0.895247     0.026154       0.892009 2.537799e-03
109   2.7250     0.895247     0.026154     0.895900     0.024381       0.892748 2.498987e-03
110   2.7500     0.895900     0.024381     0.896510     0.022652       0.893440 2.460515e-03
111   2.7750     0.896510     0.022652     0.897076     0.020965       0.894088 2.422387e-03
112   2.8000     0.897076     0.020965     0.897600     0.019319       0.894692 2.384608e-03
113   2.8250     0.897600     0.019319     0.898083     0.017714       0.895253 2.347183e-03
114   2.8500     0.898083     0.017714     0.898526     0.016149       0.895773 2.310117e-03
115   2.8750     0.898526     0.016149     0.898930     0.014622       0.896253 2.273411e-03
116   2.9000     0.898930     0.014622     0.899295     0.013133       0.896693 2.237070e-03
117   2.9250     0.899295     0.013133     0.899624     0.011680       0.897094 2.201096e-03
118   2.9500     0.899624     0.011680     0.899916     0.010264       0.897458 2.165492e-03
119   2.9750     0.899916     0.010264     0.900172     0.008882       0.897786 2.130261e-03
120   3.0000     0.900172     0.008882     0.900394     0.007535       0.898077 2.095404e-03
121   3.0250     0.900394     0.007535     0.900583     0.006221       0.898334 2.060922e-03
122   3.0500     0.900583     0.006221     0.900738     0.004940       0.898556 2.026817e-03
123   3.0750     0.900738     0.004940     0.900862     0.003691       0.898745 1.993090e-03
124   3.1000     0.900862     0.003691     0.900954     0.002472       0.898902 1.959742e-03
125   3.1250     0.900954     0.002472     0.901016     0.001284       0.899027 1.926774e-03
126   3.1500     0.901016     0.001284     0.901048     0.000126       0.899122 1.894185e-03
127   3.1750     0.901048     0.000126     0.901051    -0.001004       0.899186 1.861977e-03
128   3.2000     0.901051    -0.001004     0.901026    -0.002105       0.899221 1.830147e-03
129   3.2250     0.901026    -0.002105     0.900973    -0.003178       0.899227 1.798698e-03
130   3.2500     0.900973    -0.003178     0.900894    -0.004225       0.899206 1.767627e-03
131   3.2750     0.900894    -0.004225     0.900788    -0.005246       0.899157 1.736934e-03
132   3.3000     0.900788    -0.005246     0.900657    -0.006241       0.899082 1.706619e-03
133   3.3250     0.900657    -0.006241     0.900501    -0.007210       0.898981 1.676679e-03
134   3.3500     0.900501    -0.007210     0.900321    -0.008156       0.898854 1.647115e-03
135   3.3750     0.900321    -0.008156     0.900117    -0.009077       0.898703 1.617925e-03
136   3.4000     0.900117    -0.009077     0.899890    -0.009975       0.898528 1.589106e-03
137   3.4250     0.899890    -0.009975     0.899641    -0.010851       0.898329 1.560659e-03
138   3.4500     0.899641    -0.010851     0.899369    -0.011704       0.898108 1.532580e-03
139   3.4750     0.899369    -0.011704     0.899077    -0.012536       0.897865 1.504867e-03
140   3.5000     0.899077    -0.012536     0.898763    -0.013346       0.897599 1.477520e-03
141   3.5250     0.898763    -0.013346     0.898430    -0.014136       0.897313 1.450536e-03
142   3.5500     0.898430    -0.014136     0.898076    -0.014906       0.897006 1.423912e-03
143   3.5750     0.898076    -0.014906     0.897704    -0.015656       0.896679 1.397646e-03
144   3.6000     0.897704    -0.015656     0.897312    -0.016386       0.896332 1.371737e-03
145   3.6250     0.897312    -0.016386     0.896903    -0.017098       0.895966 1.346180e-03
146   3.6500     0.896903    -0.017098     0.896475    -0.017792       0.895582 1.320975e-03
147   3.6750     0.896475    -0.017792     0.896030    -0.018468       0.895179 1.296117e-03
148   3.7000     0.896030    -0.018468     0.895569    -0.019126       0.894759 1.271606e-03
149   3.7250     0.895569    -0.019126     0.895091    -0.019767       0.894321 1.247437e-03
150   3.7500     0.895091    -0.019767     0.894596    -0.020392       0.893867 1.223607e-03
151   3.7750     0.894596    -0.020392     0.894087    -0.021001       0.893396 1.200115e-03
152   3.8000     0.894087    -0.021001     0.893562    -0.021593       0.892910 1.176957e-03
153   3.8250     0.893562    -0.021593     0.893022    -0.022170       0.892407 1.154130e-03
154   3.8500     0.893022    -0.022170     0.892467    -0.022732       0.891890 1.131631e-03
155   3.8750     0.892467    -0.022732     0.891899    -0.023280       0.891358 1.109457e-03
156   3.9000     0.891899    -0.023280     0.891317    -0.023813       0.890812 1.087605e-03
157   3.9250     0.891317    -0.023813     0.890722    -0.024331       0.890251 1.066072e-03
158   3.9500     0.890722    -0.024331     0.890114    -0.024836       0.889677 1.044854e-03
159   3.9750     0.890114    -0.024836     0.889493    -0.025328       0.889090 1.023948e-03
160   4.0000     0.889493    -0.025328     0.888859    -0.025807       0.888489 1.003352e-03
161   4.0250     0.888859    -0.025807     0.888214    -0.026273       0.887876 9.830620e-04
162   4.0500     0.888214    -0.026273     0.887557    -0.026726       0.887251 9.630744e-04
163   4.0750     0.887557    -0.026726     0.886889    -0.027167       0.886614 9.433862e-04
164   4.1000     0.886889    -0.027167     0.886210    -0.027597       0.885965 9.239941e-04
165   4.1250     0.886210    -0.027597     0.885520    -0.028015       0.885305 9.048949e-04
166   4.1500     0.885520    -0.028015     0.884820    -0.028421       0.884634 8.860851e-04
167   4.1750     0.884820    -0.028421     0.884109    -0.028817       0.883952 8.675616e-04
168   4.2000     0.884109    -0.028817     0.883389    -0.029201       0.883260 8.493210e-04
169   4.2250     0.883389    -0.029201     0.882659    -0.029576       0.882558 8.313600e-04
170   4.2500     0.882659    -0.029576     0.881919    -0.029940       0.881845 8.136752e-04
171   4.2750     0.881919    -0.029940     0.881171    -0.030294       0.881123 7.962634e-04
172   4.3000     0.881171    -0.030294     0.880414    -0.030638       0.880392 7.791212e-04
173   4.3250     0.880414    -0.030638     0.879648    -0.030972       0.879651 7.622454e-04
174   4.3500     0.879648    -0.030972     0.878873    -0.031297       0.878902 7.456327e-04
175   4.3750     0.878873    -0.031297     0.878091    -0.031614       0.878144 7.292797e-04
176   4.4000     0.878091    -0.031614     0.877301    -0.031921       0.877378 7.131832e-04
177   4.4250     0.877301    -0.031921     0.876503    -0.032220       0.876603 6.973399e-04
178   4.4500     0.876503    -0.032220     0.875697    -0.032510       0.875821 6.817465e-04
179   4.4750     0.875697    -0.032510     0.874884    -0.032792       0.875031 6.663999e-04
180   4.5000     0.874884    -0.032792     0.874065    -0.033065       0.874233 6.512968e-04
181   4.5250     0.874065    -0.033065     0.873238    -0.033331       0.873428 6.364340e-04
182   4.5500     0.873238    -0.033331     0.872405    -0.033590       0.872616 6.218082e-04
183   4.5750     0.872405    -0.033590     0.871565    -0.033840       0.871797 6.074164e-04
184   4.6000     0.871565    -0.033840     0.870719    -0.034084       0.870972 5.932554e-04
185   4.6250     0.870719    -0.034084     0.869867    -0.034320       0.870140 5.793219e-04
186   4.6500     0.869867    -0.034320     0.869009    -0.034549       0.869301 5.656130e-04
187   4.6750     0.869009    -0.034549     0.868145    -0.034772       0.868457 5.521255e-04
188   4.7000     0.868145    -0.034772     0.867276    -0.034988       0.867606 5.388564e-04
189   4.7250     0.867276    -0.034988     0.866401    -0.035197       0.866750 5.258025e-04
190   4.7500     0.866401    -0.035197     0.865521    -0.035400       0.865888 5.129609e-04
191   4.7750     0.865521    -0.035400     0.864636    -0.035597       0.865021 5.003286e-04
192   4.8000     0.864636    -0.035597     0.863746    -0.035788       0.864148 4.879026e-04
193   4.8250     0.863746    -0.035788     0.862852    -0.035973       0.863271 4.756799e-04
194   4.8500     0.862852    -0.035973     0.861952    -0.036152       0.862388 4.636576e-04
195   4.8750     0.861952    -0.036152     0.861048    -0.036326       0.861500 4.518329e-04
196   4.9000     0.861048    -0.036326     0.860140    -0.036494       0.860608 4.402027e-04
197   4.9250     0.860140    -0.036494     0.859228    -0.036657       0.859711 4.287644e-04
198   4.9500     0.859228    -0.036657     0.858311    -0.036815       0.858810 4.175150e-04
199   4.9750     0.858311    -0.036815     0.857391    -0.036967       0.857905 4.064518e-04
