  n        t          u^n          v^n      u^(n+1)      v^(n+1)           y(t)        error
  0   0.0000     0.010000     1.000000     0.033125     0.828125       0.010000 0.000000e+00
  1   0.0250     0.033125     0.828125     0.051499     0.627563       0.032958 1.665794e-04
  2   0.0500     0.051499     0.627563     0.064598     0.413709       0.051293 2.061645e-04
  3   0.0750     0.064598     0.413709     0.072276     0.200897       0.064475 1.231301e-04
  4   0.1000     0.072276     0.200897     0.074726     0.001680       0.072340 -6.419777e-05
  5   0.1250     0.074726     0.001680     0.072430    -0.173708       0.075053 -3.270731e-04
  6   0.1500     0.072430    -0.173708     0.066095    -0.317681       0.073060 -6.303429e-04
  7   0.1750     0.066095    -0.317681     0.056584    -0.425436       0.067032 -9.365494e-04
  8   0.2000     0.056584    -0.425436     0.044845    -0.494904       0.057794 -1.209772e-03
  9   0.2250     0.044845    -0.494904     0.031844    -0.526546       0.046264 -1.418924e-03
 10   0.2500     0.031844    -0.526546     0.018508    -0.523021       0.033384 -1.540289e-03
 11   0.2750     0.018508    -0.523021     0.005671    -0.488763       0.020067 -1.559178e-03
 12   0.3000     0.005671    -0.488763    -0.005961    -0.429504       0.007142 -1.470661e-03
 13   0.3250    -0.005961    -0.429504    -0.015842    -0.351778      -0.004682 -1.279409e-03
 14   0.3500    -0.015842    -0.351778    -0.023591    -0.262432      -0.014843 -9.987435e-04
 15   0.3750    -0.023591    -0.262432    -0.029005    -0.168185      -0.022942 -6.490498e-04
 16   0.4000    -0.029005    -0.168185    -0.032040    -0.075240      -0.028749 -2.557354e-04
 17   0.4250    -0.032040    -0.075240    -0.032802     0.011023      -0.032193 1.530644e-04
 18   0.4500    -0.032802     0.011023    -0.031519     0.086268      -0.033351 5.488325e-04
 19   0.4750    -0.031519     0.086268    -0.028512     0.147335      -0.032424 9.048833e-04
