  n        t          u^n          v^n      u^(n+1)      v^(n+1)           y(t)        error
  0   0.0000     0.010000     1.000000     0.052500     0.612500       0.010000 0.000000e+00
  1   0.0500     0.052500     0.612500     0.072734     0.172266       0.051293 1.207141e-03
  2   0.1000     0.072734     0.172266     0.071179    -0.205164       0.072340 3.943756e-04
  3   0.1500     0.071179    -0.205164     0.053306    -0.446048       0.073060 -1.881036e-03
  4   0.2000     0.053306    -0.446048     0.027128    -0.525932       0.057794 -4.487941e-03
  5   0.2500     0.027128    -0.525932     0.000728    -0.463828       0.033384 -6.256173e-03
  6   0.3000     0.000728    -0.463828    -0.019656    -0.307570       0.007142 -6.414343e-03
  7   0.3500    -0.019656    -0.307570    -0.030655    -0.115848      -0.014843 -4.813023e-03
  8   0.4000    -0.030655    -0.115848    -0.031892     0.058091      -0.028749 -1.905964e-03
  9   0.4500    -0.031892     0.058091    -0.025364     0.177648      -0.033351 1.459732e-03
 10   0.5000    -0.025364     0.177648    -0.014421     0.227547      -0.029710 4.346795e-03
 11   0.5500    -0.014421     0.227547    -0.002663     0.212420      -0.020439 6.017549e-03
 12   0.6000    -0.002663     0.212420     0.006963     0.151053      -0.008790 6.126800e-03
 13   0.6500     0.006963     0.151053     0.012701     0.068665       0.002186 4.776943e-03
 14   0.7000     0.012701     0.068665     0.014118    -0.010506       0.010261 2.440460e-03
 15   0.7500     0.014118    -0.010506     0.011893    -0.068659       0.014326 -2.088194e-04
 16   0.8000     0.011893    -0.068659     0.007403    -0.097091       0.014389 -2.495969e-03
 17   0.8500     0.007403    -0.097091     0.002230    -0.096103       0.011321 -3.918184e-03
 18   0.9000     0.002230    -0.096103    -0.002254    -0.072823       0.006479 -4.249163e-03
 19   0.9500    -0.002254    -0.072823    -0.005158    -0.037931       0.001304 -3.557816e-03
 20   1.0000    -0.005158    -0.037931    -0.006173    -0.002327      -0.003008 -2.149600e-03
 21   1.0500    -0.006173    -0.002327    -0.005503     0.025478      -0.005715 -4.574331e-04
 22   1.1000    -0.005503     0.025478    -0.003700     0.040795      -0.006585 1.082402e-03
 23   1.1500    -0.003700     0.040795    -0.001453     0.042960      -0.005836 2.135942e-03
 24   1.2000    -0.001453     0.042960     0.000608     0.034549      -0.003989 2.535620e-03
 25   1.2500     0.000608     0.034549     0.002044     0.020012      -0.001686 2.293756e-03
 26   1.3000     0.002044     0.020012     0.002664     0.004192       0.000473 1.570540e-03
 27   1.3500     0.002664     0.004192     0.002514    -0.008903       0.002052 6.118958e-04
 28   1.4000     0.002514    -0.008903     0.001810    -0.016842       0.002837 -3.226824e-04
 29   1.4500     0.001810    -0.016842     0.000847    -0.018973       0.002834 -1.023262e-03
 30   1.5000     0.000847    -0.018973    -0.000089    -0.016158       0.002217 -1.370047e-03
 31   1.5500    -0.000089    -0.016158    -0.000785    -0.010215       0.001257 -1.345666e-03
 32   1.6000    -0.000785    -0.010215    -0.001133    -0.003272       0.000237 -1.021255e-03
 33   1.6500    -0.001133    -0.003272    -0.001135     0.002812      -0.000609 -5.242784e-04
 34   1.7000    -0.001135     0.002812    -0.000870     0.006810      -0.001136 1.048113e-06
 35   1.7500    -0.000870     0.006810    -0.000463     0.008275      -0.001300 4.300986e-04
 36   1.8000    -0.000463     0.008275    -0.000043     0.007458      -0.001146 6.830142e-04
 37   1.8500    -0.000043     0.007458     0.000288     0.005084      -0.000778 7.348820e-04
 38   1.9000     0.000288     0.005084     0.000475     0.002075      -0.000323 6.113119e-04
 39   1.9500     0.000475     0.002075     0.000506    -0.000715       0.000102 3.731587e-04
 40   2.0000     0.000506    -0.000715     0.000412    -0.002684       0.000410 9.596838e-05
 41   2.0500     0.000412    -0.002684     0.000243    -0.003562       0.000562 -1.500912e-04
 42   2.1000     0.000243    -0.003562     0.000057    -0.003399       0.000558 -3.152635e-04
 43   2.1500     0.000057    -0.003399    -0.000099    -0.002478       0.000434 -3.776841e-04
 44   2.2000    -0.000099    -0.002478    -0.000195    -0.001192       0.000244 -3.430282e-04
 45   2.2500    -0.000195    -0.001192    -0.000223     0.000072       0.000043 -2.379131e-04
 46   2.3000    -0.000223     0.000072    -0.000192     0.001023      -0.000123 -9.978003e-05
 47   2.3500    -0.000192     0.001023    -0.000123     0.001511      -0.000226 3.373588e-05
 48   2.4000    -0.000123     0.001511    -0.000042     0.001531      -0.000257 1.334071e-04
 49   2.4500    -0.000042     0.001531     0.000030     0.001187      -0.000225 1.834111e-04
 50   2.5000     0.000030     0.001187     0.000079     0.000646      -0.000152 1.822871e-04
 51   2.5500     0.000079     0.000646     0.000097     0.000080      -0.000062 1.404303e-04
 52   2.6000     0.000097     0.000080     0.000088    -0.000372       0.000022 7.538162e-05
 53   2.6500     0.000088    -0.000372     0.000061    -0.000631       0.000082 6.427230e-06
 54   2.7000     0.000061    -0.000631     0.000026    -0.000681       0.000111 -5.012132e-05
 55   2.7500     0.000026    -0.000681    -0.000007    -0.000560       0.000110 -8.402671e-05
 56   2.8000    -0.000007    -0.000560    -0.000031    -0.000336       0.000085 -9.222322e-05
 57   2.8500    -0.000031    -0.000336    -0.000042    -0.000086       0.000047 -7.806503e-05
 58   2.9000    -0.000042    -0.000086    -0.000040     0.000126       0.000008 -4.926963e-05
 59   2.9500    -0.000040     0.000126    -0.000030     0.000259      -0.000025 -1.528833e-05
 60   3.0000    -0.000030     0.000259    -0.000015     0.000299      -0.000045 1.518232e-05
 61   3.0500    -0.000015     0.000299     0.000000     0.000261      -0.000051 3.601132e-05
 62   3.1000     0.000000     0.000261     0.000012     0.000170      -0.000044 4.449363e-05
 63   3.1500     0.000012     0.000170     0.000018     0.000060      -0.000030 4.125902e-05
 64   3.2000     0.000018     0.000060     0.000018    -0.000037      -0.000012 2.944537e-05
 65   3.2500     0.000018    -0.000037     0.000014    -0.000104       0.000005 1.347474e-05
 66   3.3000     0.000014    -0.000104     0.000008    -0.000130       0.000016 -2.208529e-06
 67   3.3500     0.000008    -0.000130     0.000001    -0.000120       0.000022 -1.414423e-05
 68   3.4000     0.000001    -0.000120    -0.000004    -0.000084       0.000022 -2.043212e-05
 69   3.4500    -0.000004    -0.000084    -0.000007    -0.000037       0.000017 -2.083617e-05
 70   3.5000    -0.000007    -0.000037    -0.000008     0.000008       0.000009 -1.649172e-05
 71   3.5500    -0.000008     0.000008    -0.000007     0.000040       0.000001 -9.364120e-06
 72   3.6000    -0.000007     0.000040    -0.000004     0.000056      -0.000005 -1.633252e-06
 73   3.6500    -0.000004     0.000056    -0.000001     0.000054      -0.000009 4.841779e-06
 74   3.7000    -0.000001     0.000054     0.000001     0.000041      -0.000010 8.873550e-06
 75   3.7500     0.000001     0.000041     0.000003     0.000021      -0.000009 1.007235e-05
 76   3.8000     0.000003     0.000021     0.000004     0.000000      -0.000006 8.766110e-06
 77   3.8500     0.000004     0.000000     0.000003    -0.000015      -0.000002 5.775595e-06
 78   3.9000     0.000003    -0.000015     0.000002    -0.000023       0.000001 2.126105e-06
 79   3.9500     0.000002    -0.000023     0.000001    -0.000024       0.000003 -1.226009e-06
 80   4.0000     0.000001    -0.000024    -0.000000    -0.000019       0.000004 -3.593489e-06
 81   4.0500    -0.000000    -0.000019    -0.000001    -0.000011       0.000004 -4.655438e-06
 82   4.1000    -0.000001    -0.000011    -0.000002    -0.000002       0.000003 -4.451606e-06
 83   4.1500    -0.000002    -0.000002    -0.000001     0.000005       0.000002 -3.296847e-06
 84   4.2000    -0.000001     0.000005    -0.000001     0.000010       0.000000 -1.651969e-06
 85   4.2500    -0.000001     0.000010    -0.000000     0.000011      -0.000001 1.070001e-08
 86   4.3000    -0.000000     0.000011     0.000000     0.000009      -0.000002 1.315663e-06
 87   4.3500     0.000000     0.000009     0.000000     0.000006      -0.000002 2.047733e-06
 88   4.4000     0.000000     0.000006     0.000001     0.000002      -0.000002 2.165971e-06
 89   4.4500     0.000001     0.000002     0.000001    -0.000002      -0.000001 1.775538e-06
 90   4.5000     0.000001    -0.000002     0.000000    -0.000004      -0.000000 1.072817e-06
 91   4.5500     0.000000    -0.000004     0.000000    -0.000005       0.000000 2.818570e-07
 92   4.6000     0.000000    -0.000005     0.000000    -0.000004       0.000001 -4.017393e-07
 93   4.6500     0.000000    -0.000004    -0.000000    -0.000003       0.000001 -8.484716e-07
 94   4.7000    -0.000000    -0.000003    -0.000000    -0.000001       0.000001 -1.009684e-06
 95   4.7500    -0.000000    -0.000001    -0.000000     0.000000       0.000001 -9.110178e-07
 96   4.8000    -0.000000     0.000000    -0.000000     0.000002       0.000000 -6.306326e-07
 97   4.8500    -0.000000     0.000002    -0.000000     0.000002       0.000000 -2.703807e-07
 98   4.9000    -0.000000     0.000002    -0.000000     0.000002      -0.000000 7.209272e-08
 99   4.9500    -0.000000     0.000002     0.000000     0.000001      -0.000000 3.242650e-07
