  n        t          u^n          v^n      u^(n+1)      v^(n+1)           y(t)        error
  0   0.0000     0.010000     1.000000     0.080000     0.050000       0.010000 0.000000e+00
  1   0.1000     0.080000     0.050000     0.043750    -0.593750       0.072340 7.660001e-03
  2   0.2000     0.043750    -0.593750    -0.022656    -0.402344       0.057794 -1.404383e-02
  3   0.3000    -0.022656    -0.402344    -0.041504     0.119629       0.007142 -2.979813e-02
  4   0.4000    -0.041504     0.119629    -0.011780     0.326233      -0.028749 -1.275477e-02
  5   0.5000    -0.011780     0.326233     0.018578     0.129128      -0.029710 1.793069e-02
  6   0.6000     0.018578     0.129128     0.018973    -0.123191      -0.008790 2.736767e-02
  7   0.7000     0.018973    -0.123191     0.000247    -0.157699       0.010261 8.712621e-03
  8   0.8000     0.000247    -0.157699    -0.011704    -0.021568       0.014389 -1.414191e-02
  9   0.9000    -0.011704    -0.021568    -0.007469     0.085082       0.006479 -1.818262e-02
 10   1.0000    -0.007469     0.085082     0.002646     0.066656      -0.003008 -4.461228e-03
 11   1.1000     0.002646     0.066656     0.006322    -0.011516      -0.006585 9.231619e-03
 12   1.2000     0.006322    -0.011516     0.002297    -0.048858      -0.003989 1.031101e-02
 13   1.3000     0.002297    -0.048858    -0.002516    -0.023338       0.000473 1.824357e-03
 14   1.4000    -0.002516    -0.023338    -0.003008     0.015950       0.002837 -5.352449e-03
 15   1.5000    -0.003008     0.015950    -0.000308     0.024555       0.002217 -5.225483e-03
 16   1.6000    -0.000308     0.024555     0.001688     0.005378       0.000237 -5.445845e-04
 17   1.7000     0.001688     0.005378     0.001247    -0.011985      -0.001136 2.823592e-03
 18   1.8000     0.001247    -0.011985    -0.000275    -0.010852      -0.001146 2.393533e-03
 19   1.9000    -0.000275    -0.010852    -0.000952     0.000708      -0.000323 4.766953e-05
 20   2.0000    -0.000952     0.000708    -0.000423     0.007225       0.000410 -1.361745e-03
 21   2.1000    -0.000423     0.007225     0.000331     0.004073       0.000558 -9.806473e-04
 22   2.2000     0.000331     0.004073     0.000471    -0.001970       0.000244 8.678558e-05
 23   2.3000     0.000471    -0.001970     0.000088    -0.003777      -0.000123 5.940038e-04
 24   2.4000     0.000088    -0.003777    -0.000239    -0.001129      -0.000257 3.442736e-04
 25   2.5000    -0.000239    -0.001129    -0.000204     0.001655      -0.000152 -8.765248e-05
 26   2.6000    -0.000204     0.001655     0.000022     0.001740       0.000022 -2.260827e-04
 27   2.7000     0.000022     0.001740     0.000141     0.000053       0.000111 -8.929522e-05
 28   2.8000     0.000141     0.000053     0.000075    -0.001054       0.000085 5.643211e-05
 29   2.9000     0.000075    -0.001054    -0.000042    -0.000692       0.000008 6.711036e-05
 30   3.0000    -0.000042    -0.000692    -0.000073     0.000226      -0.000045 3.140555e-06
 31   3.1000    -0.000073     0.000226    -0.000019     0.000574      -0.000044 -2.856218e-05
 32   3.2000    -0.000019     0.000574     0.000033     0.000217      -0.000012 -7.590884e-06
 33   3.3000     0.000033     0.000217     0.000033    -0.000223       0.000016 1.697142e-05
 34   3.4000     0.000033    -0.000223    -0.000000    -0.000275       0.000022 1.134894e-05
 35   3.5000    -0.000000    -0.000275    -0.000021    -0.000033       0.000009 -9.391167e-06
 36   3.6000    -0.000021    -0.000033    -0.000013     0.000152      -0.000005 -1.572304e-05
 37   3.7000    -0.000013     0.000152     0.000005     0.000115      -0.000010 -2.829611e-06
 38   3.8000     0.000005     0.000115     0.000011    -0.000023      -0.000006 1.072829e-05
 39   3.9000     0.000011    -0.000023     0.000004    -0.000086       0.000001 1.014653e-05
 40   4.0000     0.000004    -0.000086    -0.000005    -0.000040       0.000004 -5.062556e-07
 41   4.1000    -0.000005    -0.000040    -0.000005     0.000029       0.000003 -7.798547e-06
 42   4.2000    -0.000005     0.000029    -0.000000     0.000043       0.000000 -5.478002e-06
 43   4.3000    -0.000000     0.000043     0.000003     0.000009      -0.000002 1.329699e-06
 44   4.4000     0.000003     0.000009     0.000002    -0.000021      -0.000002 4.706517e-06
 45   4.5000     0.000002    -0.000021    -0.000001    -0.000019      -0.000000 2.582432e-06
 46   4.6000    -0.000001    -0.000019    -0.000002     0.000002       0.000001 -1.184931e-06
 47   4.7000    -0.000002     0.000002    -0.000001     0.000013       0.000001 -2.514934e-06
 48   4.8000    -0.000001     0.000013     0.000001     0.000007       0.000000 -1.059293e-06
 49   4.9000     0.000001     0.000007     0.000001    -0.000004      -0.000000 8.057166e-07
