  n        t          u^n          v^n      u^(n+1)      v^(n+1)           y(t)        error
  0   0.0000     0.010000     1.000000     0.060000     0.700000       0.010000 0.000000e+00
  1   0.0500     0.060000     0.700000     0.095000     0.225000       0.051293 8.707141e-03
  2   0.1000     0.095000     0.225000     0.106250    -0.306250       0.072340 2.266000e-02
  3   0.1500     0.106250    -0.306250     0.090937    -0.760938       0.073060 3.318977e-02
  4   0.2000     0.090937    -0.760938     0.052891    -1.025391       0.057794 3.314367e-02
  5   0.2500     0.052891    -1.025391     0.001621    -1.033496       0.033384 1.950638e-02
  6   0.3000     0.001621    -1.033496    -0.050054    -0.783228       0.007142 -5.520789e-03
  7   0.3500    -0.050054    -0.783228    -0.089215    -0.337152      -0.014843 -3.521085e-02
  8   0.4000    -0.089215    -0.337152    -0.106073     0.193211      -0.028749 -6.046595e-02
  9   0.4500    -0.106073     0.193211    -0.096412     0.675272      -0.033351 -7.272138e-02
 10   0.5000    -0.096412     0.675272    -0.062649     0.988515      -0.029710 -6.670165e-02
 11   0.5500    -0.062649     0.988515    -0.013223     1.054629      -0.020439 -4.220984e-02
 12   0.6000    -0.013223     1.054629     0.039509     0.857085      -0.008790 -4.432696e-03
 13   0.6500     0.039509     0.857085     0.082363     0.445271       0.002186 3.732257e-02
 14   0.7000     0.082363     0.445271     0.104626    -0.077861       0.010261 7.210218e-02
 15   0.7500     0.104626    -0.077861     0.100733    -0.581528       0.014326 9.029998e-02
 16   0.8000     0.100733    -0.581528     0.071657    -0.939813       0.014389 8.634412e-02
 17   0.8500     0.071657    -0.939813     0.024666    -1.063145       0.011321 6.033600e-02
 18   0.9000     0.024666    -1.063145    -0.028491    -0.920690       0.006479 1.818744e-02
 19   0.9500    -0.028491    -0.920690    -0.074525    -0.548063       0.001304 -2.979523e-02
 20   1.0000    -0.074525    -0.548063    -0.101929    -0.038420      -0.003008 -7.151721e-02
 21   1.0500    -0.101929    -0.038420    -0.103850     0.480828      -0.005715 -9.621345e-02
 22   1.1000    -0.103850     0.480828    -0.079808     0.879869      -0.006585 -9.726440e-02
 23   1.1500    -0.079808     0.879869    -0.035815     1.058942      -0.005836 -7.397198e-02
 24   1.2000    -0.035815     1.058942     0.017132     0.973281      -0.003989 -3.182616e-02
 25   1.2500     0.017132     0.973281     0.065796     0.644299      -0.001686 1.881797e-02
 26   1.3000     0.065796     0.644299     0.098011     0.154242       0.000473 6.532327e-02
 27   1.3500     0.098011     0.154242     0.105723    -0.374375       0.002052 9.595948e-02
 28   1.4000     0.105723    -0.374375     0.087005    -0.809399       0.002837 1.028866e-01
 29   1.4500     0.087005    -0.809399     0.046535    -1.042072       0.002834 8.417100e-02
 30   1.5000     0.046535    -1.042072    -0.005569    -1.014228       0.002217 4.431743e-02
 31   1.5500    -0.005569    -1.014228    -0.056280    -0.732827       0.001257 -6.825821e-03
 32   1.6000    -0.056280    -0.732827    -0.092922    -0.268219       0.000237 -5.651699e-02
 33   1.6500    -0.092922    -0.268219    -0.106333     0.263444      -0.000609 -9.231248e-02
 34   1.7000    -0.106333     0.263444    -0.093160     0.729246      -0.001136 -1.051966e-01
 35   1.7500    -0.093160     0.729246    -0.056698     1.012736      -0.001300 -9.186024e-02
 36   1.8000    -0.056698     1.012736    -0.006061     1.043042      -0.001146 -5.555173e-02
 37   1.8500    -0.006061     1.043042     0.046091     0.812588      -0.000778 -5.283027e-03
 38   1.9000     0.046091     0.812588     0.086720     0.378987      -0.000323 4.641382e-02
 39   1.9500     0.086720     0.378987     0.105670    -0.149361       0.000102 8.661869e-02
 40   2.0000     0.105670    -0.149361     0.098202    -0.640369       0.000410 1.052594e-01
 41   2.0500     0.098202    -0.640369     0.066183    -0.971284       0.000562 9.763984e-02
 42   2.1000     0.066183    -0.971284     0.017619    -1.059378       0.000558 6.562509e-02
 43   2.1500     0.017619    -1.059378    -0.035350    -0.882628       0.000434 1.718464e-02
 44   2.2000    -0.035350    -0.882628    -0.079481    -0.485221       0.000244 -3.559384e-02
 45   2.2500    -0.079481    -0.485221    -0.103743     0.033492       0.000043 -7.952412e-02
 46   2.3000    -0.103743     0.033492    -0.102068     0.543831      -0.000123 -1.036193e-01
 47   2.3500    -0.102068     0.543831    -0.074876     0.918213      -0.000226 -1.018422e-01
 48   2.4000    -0.074876     0.918213    -0.028966     1.063042      -0.000257 -7.461971e-02
 49   2.4500    -0.028966     1.063042     0.024186     0.942110      -0.000225 -2.874057e-02
 50   2.5000     0.024186     0.942110     0.071292     0.585650      -0.000152 2.433820e-02
 51   2.5500     0.071292     0.585650     0.100574     0.082778      -0.000062 7.135370e-02
 52   2.6000     0.100574     0.082778     0.104713    -0.440788       0.000022 1.005527e-01
 53   2.6500     0.104713    -0.440788     0.082674    -0.854158       0.000082 1.046313e-01
 54   2.7000     0.082674    -0.854158     0.039966    -1.053988       0.000111 8.256271e-02
 55   2.7500     0.039966    -1.053988    -0.012733    -0.990321       0.000110 3.985616e-02
 56   2.8000    -0.012733    -0.990321    -0.062249    -0.679074       0.000085 -1.281839e-02
 57   2.8500    -0.062249    -0.679074    -0.096203    -0.198058       0.000047 -6.229668e-02
 58   2.9000    -0.096203    -0.198058    -0.106106     0.332472       0.000008 -9.621072e-02
 59   2.9500    -0.106106     0.332472    -0.089482     0.779884      -0.000025 -1.060811e-01
 60   3.0000    -0.089482     0.779884    -0.050488     1.032325      -0.000045 -8.943759e-02
 61   3.0500    -0.050488     1.032325     0.001128     1.026685      -0.000051 -5.043758e-02
 62   3.1000     0.001128     1.026685     0.052462     0.764374      -0.000044 1.172232e-03
 63   3.1500     0.052462     0.764374     0.090681     0.310969      -0.000030 5.249188e-02
 64   3.2000     0.090681     0.310969     0.106229    -0.220178      -0.000012 9.069278e-02
 65   3.2500     0.106229    -0.220178     0.095220    -0.696281       0.000005 1.062248e-01
 66   3.3000     0.095220    -0.696281     0.060406    -0.998313       0.000016 9.520412e-02
 67   3.3500     0.060406    -0.998313     0.010491    -1.050767       0.000022 6.038445e-02
 68   3.4000     0.010491    -1.050767    -0.042048    -0.840529       0.000022 1.046919e-02
 69   3.4500    -0.042048    -0.840529    -0.084074    -0.420159       0.000017 -4.206418e-02
 70   3.5000    -0.084074    -0.420159    -0.105082     0.105251       0.000009 -8.408316e-02
 71   3.5500    -0.105082     0.105251    -0.099819     0.604348       0.000001 -1.050833e-01
 72   3.6000    -0.099819     0.604348    -0.069602     0.952358      -0.000005 -9.981441e-02
 73   3.6500    -0.069602     0.952358    -0.021984     1.062279      -0.000009 -6.959315e-02
 74   3.7000    -0.021984     1.062279     0.031130     0.906630      -0.000010 -2.197416e-02
 75   3.7500     0.031130     0.906630     0.076461     0.524323      -0.000009 3.113846e-02
 76   3.8000     0.076461     0.524323     0.102677     0.010936      -0.000006 7.646705e-02
 77   3.8500     0.102677     0.010936     0.103224    -0.505185      -0.000002 1.026797e-01
 78   3.9000     0.103224    -0.505185     0.077965    -0.895010       0.000001 1.032233e-01
 79   3.9500     0.077965    -0.895010     0.033215    -1.061083       0.000003 7.796174e-02
 80   4.0000     0.033215    -1.061083    -0.019840    -0.961884       0.000004 3.321015e-02
 81   4.0500    -0.019840    -0.961884    -0.067934    -0.622215       0.000004 -1.984389e-02
 82   4.1000    -0.067934    -0.622215    -0.099045    -0.126992       0.000003 -6.793711e-02
 83   4.1500    -0.099045    -0.126992    -0.105394     0.399979       0.000002 -9.904639e-02
 84   4.2000    -0.105394     0.399979    -0.085395     0.826955       0.000000 -1.053945e-01
 85   4.2500    -0.085395     0.826955    -0.044048     1.047193      -0.000001 -8.539426e-02
 86   4.3000    -0.044048     1.047193     0.008312     1.005632      -0.000002 -4.404574e-02
 87   4.3500     0.008312     1.005632     0.058594     0.712663      -0.000002 8.314109e-03
 88   4.4000     0.058594     0.712663     0.094227     0.241529      -0.000002 5.859545e-02
 89   4.4500     0.094227     0.241529     0.106303    -0.289988      -0.000001 9.422804e-02
 90   4.5000     0.106303    -0.289988     0.091804    -0.749008      -0.000000 1.063038e-01
 91   4.5500     0.091804    -0.749008     0.054354    -1.020776       0.000000 9.180376e-02
 92   4.6000     0.054354    -1.020776     0.003315    -1.037350       0.000001 5.435292e-02
 93   4.6500     0.003315    -1.037350    -0.048553    -0.794586       0.000001 3.313932e-03
 94   4.7000    -0.048553    -0.794586    -0.088282    -0.353176       0.000001 -4.855352e-02
 95   4.7500    -0.088282    -0.353176    -0.105941     0.176528       0.000001 -8.828263e-02
 96   4.8000    -0.105941     0.176528    -0.097114     0.662100       0.000000 -1.059411e-01
 97   4.8500    -0.097114     0.662100    -0.064009     0.982147       0.000000 -9.711445e-02
 98   4.9000    -0.064009     0.982147    -0.014902     1.056657      -0.000000 -6.400921e-02
 99   4.9500    -0.014902     1.056657     0.037931     0.867003      -0.000000 -1.490172e-02
100   5.0000     0.037931     0.867003     0.081281     0.460599      -0.000000 3.793119e-02
101   5.0500     0.081281     0.460599     0.104311    -0.060956      -0.000000 8.128130e-02
102   5.1000     0.104311    -0.060956     0.101263    -0.567271      -0.000000 1.043111e-01
103   5.1500     0.101263    -0.567271     0.072900    -0.931769      -0.000000 1.012632e-01
104   5.2000     0.072900    -0.931769     0.026311    -1.063324       0.000000 7.289948e-02
105   5.2500     0.026311    -1.063324    -0.026855    -0.929049       0.000000 2.631094e-02
106   5.3000    -0.026855    -0.929049    -0.073308    -0.562511       0.000000 -2.685532e-02
107   5.3500    -0.073308    -0.562511    -0.101433    -0.055345       0.000000 -7.330774e-02
108   5.4000    -0.101433    -0.055345    -0.104200     0.465657       0.000000 -1.014332e-01
109   5.4500    -0.104200     0.465657    -0.080918     0.870244       0.000000 -1.042004e-01
110   5.5000    -0.080918     0.870244    -0.037405     1.057271       0.000000 -8.091755e-02
111   5.5500    -0.037405     1.057271     0.015458     0.979980      -0.000000 -3.740528e-02
112   5.6000     0.015458     0.979980     0.064457     0.657694      -0.000000 1.545830e-02
113   5.6500     0.064457     0.657694     0.097342     0.170984      -0.000000 6.445730e-02
114   5.7000     0.097342     0.170984     0.105891    -0.358471      -0.000000 9.734198e-02
115   5.7500     0.105891    -0.358471     0.087968    -0.798309      -0.000000 1.058912e-01
116   5.8000     0.087968    -0.798309     0.048052    -1.038570      -0.000000 8.796757e-02
117   5.8500     0.048052    -1.038570    -0.003876    -1.019188       0.000000 4.805208e-02
118   5.9000    -0.003876    -1.019188    -0.054836    -0.745009       0.000000 -3.876415e-03
119   5.9500    -0.054836    -0.745009    -0.092086    -0.284578       0.000000 -5.483581e-02
120   6.0000    -0.092086    -0.284578    -0.106315     0.246998       0.000000 -9.208625e-02
121   6.0500    -0.106315     0.246998    -0.093965     0.716824       0.000000 -1.063151e-01
122   6.1000    -0.093965     0.716824    -0.058124     1.007444       0.000000 -9.396523e-02
123   6.1500    -0.058124     1.007444    -0.007752     1.046203       0.000000 -5.812402e-02
124   6.2000    -0.007752     1.046203     0.044558     0.823411      -0.000000 -7.751817e-03
125   6.2500     0.044558     0.823411     0.085729     0.394767      -0.000000 4.455834e-02
126   6.3000     0.085729     0.394767     0.105467    -0.132569      -0.000000 8.572891e-02
127   6.3500     0.105467    -0.132569     0.098839    -0.626763      -0.000000 1.054673e-01
128   6.4000     0.098839    -0.626763     0.067501    -0.964266      -0.000000 9.883879e-02
129   6.4500     0.067501    -0.964266     0.019287    -1.060703      -0.000000 6.750062e-02
130   6.5000     0.019287    -1.060703    -0.033748    -0.891964       0.000000 1.928730e-02
131   6.5500    -0.033748    -0.891964    -0.078346    -0.500234       0.000000 -3.374784e-02
132   6.6000    -0.078346    -0.500234    -0.103358     0.016555       0.000000 -7.834602e-02
133   6.6500    -0.103358     0.016555    -0.102530     0.529205       0.000000 -1.033577e-01
134   6.7000    -0.102530     0.529205    -0.076070     0.909553       0.000000 -1.025300e-01
135   6.7500    -0.076070     0.909553    -0.030592     1.062514       0.000000 -7.606972e-02
136   6.8000    -0.030592     1.062514     0.022534     0.949845       0.000000 -3.059205e-02
137   6.8500     0.022534     0.949845     0.070026     0.599716      -0.000000 2.253362e-02
138   6.9000     0.070026     0.599716     0.100012     0.099657      -0.000000 7.002590e-02
139   6.9500     0.100012     0.099657     0.104995    -0.425315      -0.000000 1.000117e-01
140   7.0000     0.104995    -0.425315     0.083729    -0.843959      -0.000000 1.049946e-01
141   7.0500     0.083729    -0.843959     0.041531    -1.051613      -0.000000 8.372880e-02
142   7.1000     0.041531    -1.051613    -0.011050    -0.996364      -0.000000 4.153083e-02
143   7.1500    -0.011050    -0.996364    -0.060868    -0.692024       0.000000 -1.104984e-02
144   7.2000    -0.060868    -0.692024    -0.095469    -0.214678       0.000000 -6.086806e-02
145   7.2500    -0.095469    -0.214678    -0.106203     0.316338       0.000000 -9.546926e-02
146   7.3000    -0.106203     0.316338    -0.090386     0.768269       0.000000 -1.062031e-01
147   7.3500    -0.090386     0.768269    -0.051973     1.028133       0.000000 -9.038624e-02
148   7.4000    -0.051973     1.028133    -0.000566     1.030964       0.000000 -5.197278e-02
149   7.4500    -0.000566     1.030964     0.050982     0.776053       0.000000 -5.661263e-04
150   7.5000     0.050982     0.776053     0.089785     0.327130      -0.000000 5.098206e-02
151   7.5500     0.089785     0.327130     0.106141    -0.203576      -0.000000 8.978473e-02
152   7.6000     0.106141    -0.203576     0.095962    -0.683388      -0.000000 1.061412e-01
153   7.6500     0.095962    -0.683388     0.061793    -0.992353      -0.000000 9.596240e-02
154   7.7000     0.061793    -0.992353     0.012175    -1.053230      -0.000000 6.179299e-02
155   7.7500     0.012175    -1.053230    -0.040486    -0.850799      -0.000000 1.217532e-02
156   7.8000    -0.040486    -0.850799    -0.083026    -0.435668       0.000000 -4.048617e-02
157   7.8500    -0.083026    -0.435668    -0.104810     0.088379       0.000000 -8.302612e-02
158   7.9000    -0.104810     0.088379    -0.100391     0.590332       0.000000 -1.048095e-01
159   7.9500    -0.100391     0.590332    -0.070874     0.944702       0.000000 -1.003906e-01
160   8.0000    -0.070874     0.944702    -0.023639     1.062896       0.000000 -7.087397e-02
161   8.0500    -0.023639     1.062896     0.029506     0.915367       0.000000 -2.363887e-02
162   8.1000     0.029506     0.915367     0.075274     0.538995       0.000000 2.950595e-02
163   8.1500     0.075274     0.538995     0.102224     0.027875      -0.000000 7.527428e-02
164   8.2000     0.102224     0.027875     0.103618    -0.490214      -0.000000 1.022240e-01
165   8.2500     0.103618    -0.490214     0.079107    -0.885749      -0.000000 1.036178e-01
166   8.3000     0.079107    -0.885749     0.034820    -1.059848      -0.000000 7.910709e-02
167   8.3500     0.034820    -1.059848    -0.018173    -0.968984      -0.000000 3.481962e-02
168   8.4000    -0.018173    -0.968984    -0.066622    -0.635874      -0.000000 -1.817276e-02
169   8.4500    -0.066622    -0.635874    -0.098416    -0.143796       0.000000 -6.662195e-02
170   8.5000    -0.098416    -0.143796    -0.105605     0.384231       0.000000 -9.841565e-02
171   8.5500    -0.105605     0.384231    -0.086394     0.816201       0.000000 -1.056054e-01
172   8.6000    -0.086394     0.816201    -0.045584     1.044120       0.000000 -8.639387e-02
173   8.6500    -0.045584     1.044120     0.006622     1.011009       0.000000 -4.558383e-02
174   8.7000     0.006622     1.011009     0.057173     0.725146       0.000000 6.622162e-03
175   8.7500     0.057173     0.725146     0.093430     0.257996       0.000000 5.717262e-02
176   8.8000     0.093430     0.257996     0.106330    -0.273652      -0.000000 9.342992e-02
177   8.8500     0.106330    -0.273652     0.092647    -0.736888      -0.000000 1.063297e-01
178   8.9000     0.092647    -0.736888     0.055803    -1.015902      -0.000000 9.264712e-02
179   8.9500     0.055803    -1.015902     0.005008    -1.040940      -0.000000 5.580273e-02
180   9.0000     0.005008    -1.040940    -0.047039    -0.805743      -0.000000 5.007653e-03
181   9.0500    -0.047039    -0.805743    -0.087326    -0.369111      -0.000000 -4.703934e-02
182   9.1000    -0.087326    -0.369111    -0.105782     0.159799       0.000000 -8.732649e-02
183   9.1500    -0.105782     0.159799    -0.097792     0.648760       0.000000 -1.057820e-01
184   9.2000    -0.097792     0.648760    -0.065354     0.975530       0.000000 -9.779205e-02
185   9.2500    -0.065354     0.975530    -0.016578     1.058418       0.000000 -6.535406e-02
186   9.3000    -0.016578     1.058418     0.036343     0.876701       0.000000 -1.657756e-02
187   9.3500     0.036343     0.876701     0.080178     0.475809       0.000000 3.634333e-02
188   9.4000     0.080178     0.475809     0.103969    -0.044035      -0.000000 8.017839e-02
189   9.4500     0.103969    -0.044035     0.101767    -0.552871      -0.000000 1.039689e-01
190   9.5000     0.101767    -0.552871     0.074124    -0.923488      -0.000000 1.017671e-01
191   9.5500     0.074124    -0.923488     0.027949    -1.063234      -0.000000 7.412358e-02
192   9.6000     0.027949    -1.063234    -0.025213    -0.937171      -0.000000 2.794916e-02
193   9.6500    -0.025213    -0.937171    -0.072071    -0.576816      -0.000000 -2.521255e-02
194   9.7000    -0.072071    -0.576816    -0.100912    -0.072256      -0.000000 -7.207113e-02
195   9.7500    -0.100912    -0.072256    -0.104525     0.450367       0.000000 -1.009119e-01
196   9.8000    -0.104525     0.450367    -0.082006     0.860399       0.000000 -1.045247e-01
197   9.8500    -0.082006     0.860399    -0.038986     1.055331       0.000000 -8.200636e-02
198   9.9000    -0.038986     1.055331     0.013780     0.986430       0.000000 -3.898640e-02
199   9.9500     0.013780     0.986430     0.063102     0.670922       0.000000 1.378016e-02
