  n        t          u^n          v^n      u^(n+1)      v^(n+1)           y(t)        error
  0   0.0000     0.010000     1.000000     0.060000     0.949975       0.010000 -8.673617e-18
  1   0.0500     0.060000     0.949975     0.107499     0.902326       0.058769 1.231215e-03
  2   0.1000     0.107499     0.902326     0.152615     0.856941       0.105152 2.346828e-03
  3   0.1500     0.152615     0.856941     0.195462     0.813713       0.149260 3.354957e-03
  4   0.2000     0.195462     0.813713     0.236148     0.772538       0.191199 4.263214e-03
  5   0.2500     0.236148     0.772538     0.274775     0.733321       0.231069 5.078733e-03
  6   0.3000     0.274775     0.733321     0.311441     0.695968       0.268966 5.808201e-03
  7   0.3500     0.311441     0.695968     0.346239     0.660391       0.304983 6.457879e-03
  8   0.4000     0.346239     0.660391     0.379259     0.626506       0.339205 7.033633e-03
  9   0.4500     0.379259     0.626506     0.410584     0.594232       0.371718 7.540953e-03
 10   0.5000     0.410584     0.594232     0.440296     0.563494       0.402599 7.984978e-03
 11   0.5500     0.440296     0.563494     0.468470     0.534219       0.431925 8.370516e-03
 12   0.6000     0.468470     0.534219     0.495181     0.506337       0.459768 8.702063e-03
 13   0.6500     0.495181     0.506337     0.520498     0.479782       0.486197 8.983822e-03
 14   0.7000     0.520498     0.479782     0.544487     0.454492       0.511278 9.219723e-03
 15   0.7500     0.544487     0.454492     0.567212     0.430406       0.535074 9.413433e-03
 16   0.8000     0.567212     0.430406     0.588732     0.407468       0.557643 9.568381e-03
 17   0.8500     0.588732     0.407468     0.609105     0.385622       0.579044 9.687764e-03
 18   0.9000     0.609105     0.385622     0.628387     0.364818       0.599331 9.774566e-03
 19   0.9500     0.628387     0.364818     0.646627     0.345007       0.618555 9.831570e-03
 20   1.0000     0.646627     0.345007     0.663878     0.326140       0.636766 9.861368e-03
 21   1.0500     0.663878     0.326140     0.680185     0.308173       0.654011 9.866377e-03
 22   1.1000     0.680185     0.308173     0.695593     0.291064       0.670336 9.848846e-03
 23   1.1500     0.695593     0.291064     0.710147     0.274772       0.685783 9.810869e-03
 24   1.2000     0.710147     0.274772     0.723885     0.259258       0.700392 9.754391e-03
 25   1.2500     0.723885     0.259258     0.736848     0.244485       0.714204 9.681222e-03
 26   1.3000     0.736848     0.244485     0.749072     0.230419       0.727255 9.593043e-03
 27   1.3500     0.749072     0.230419     0.760593     0.217025       0.739581 9.491412e-03
 28   1.4000     0.760593     0.217025     0.771445     0.204272       0.751216 9.377778e-03
 29   1.4500     0.771445     0.204272     0.781658     0.192130       0.762191 9.253479e-03
 30   1.5000     0.781658     0.192130     0.791265     0.180570       0.772538 9.119758e-03
 31   1.5500     0.791265     0.180570     0.800293     0.169563       0.782287 8.977763e-03
 32   1.6000     0.800293     0.169563     0.808771     0.159084       0.791465 8.828557e-03
 33   1.6500     0.808771     0.159084     0.816726     0.149108       0.800098 8.673119e-03
 34   1.7000     0.816726     0.149108     0.824181     0.139611       0.808213 8.512354e-03
 35   1.7500     0.824181     0.139611     0.831161     0.130570       0.815834 8.347096e-03
 36   1.8000     0.831161     0.130570     0.837690     0.121963       0.822983 8.178112e-03
 37   1.8500     0.837690     0.121963     0.843788     0.113771       0.829684 8.006107e-03
 38   1.9000     0.843788     0.113771     0.849477     0.105973       0.835956 7.831730e-03
 39   1.9500     0.849477     0.105973     0.854775     0.098551       0.841821 7.655572e-03
 40   2.0000     0.854775     0.098551     0.859703     0.091486       0.847297 7.478178e-03
 41   2.0500     0.859703     0.091486     0.864277     0.084763       0.852403 7.300044e-03
 42   2.1000     0.864277     0.084763     0.868515     0.078364       0.857155 7.121622e-03
 43   2.1500     0.868515     0.078364     0.872433     0.072274       0.861572 6.943324e-03
 44   2.2000     0.872433     0.072274     0.876047     0.066479       0.865668 6.765524e-03
 45   2.2500     0.876047     0.066479     0.879371     0.060965       0.869459 6.588561e-03
 46   2.3000     0.879371     0.060965     0.882419     0.055719       0.872958 6.412740e-03
 47   2.3500     0.882419     0.055719     0.885205     0.050727       0.876181 6.238338e-03
 48   2.4000     0.885205     0.050727     0.887742     0.045977       0.879140 6.065601e-03
 49   2.4500     0.887742     0.045977     0.890040     0.041459       0.881847 5.894750e-03
 50   2.5000     0.890040     0.041459     0.892113     0.037161       0.884315 5.725982e-03
 51   2.5500     0.892113     0.037161     0.893972     0.033073       0.886554 5.559472e-03
 52   2.6000     0.893972     0.033073     0.895625     0.029184       0.888576 5.395372e-03
 53   2.6500     0.895625     0.029184     0.897084     0.025486       0.890391 5.233816e-03
 54   2.7000     0.897084     0.025486     0.898359     0.021969       0.892009 5.074921e-03
 55   2.7500     0.898359     0.021969     0.899457     0.018625       0.893440 4.918788e-03
 56   2.8000     0.899457     0.018625     0.900388     0.015445       0.894692 4.765499e-03
 57   2.8500     0.900388     0.015445     0.901161     0.012421       0.895773 4.615127e-03
 58   2.9000     0.901161     0.012421     0.901782     0.009547       0.896693 4.467729e-03
 59   2.9500     0.901782     0.009547     0.902259     0.006816       0.897458 4.323351e-03
 60   3.0000     0.902259     0.006816     0.902600     0.004219       0.898077 4.182028e-03
 61   3.0500     0.902600     0.004219     0.902811     0.001752       0.898556 4.043787e-03
 62   3.1000     0.902811     0.001752     0.902898    -0.000593       0.898902 3.908643e-03
 63   3.1500     0.902898    -0.000593     0.902869    -0.002820       0.899122 3.776605e-03
 64   3.2000     0.902869    -0.002820     0.902728    -0.004937       0.899221 3.647672e-03
 65   3.2500     0.902728    -0.004937     0.902481    -0.006947       0.899206 3.521840e-03
 66   3.3000     0.902481    -0.006947     0.902133    -0.008855       0.899082 3.399095e-03
 67   3.3500     0.902133    -0.008855     0.901691    -0.010668       0.898854 3.279420e-03
 68   3.4000     0.901691    -0.010668     0.901157    -0.012389       0.898528 3.162791e-03
 69   3.4500     0.901157    -0.012389     0.900538    -0.014022       0.898108 3.049182e-03
 70   3.5000     0.900538    -0.014022     0.899837    -0.015573       0.897599 2.938559e-03
 71   3.5500     0.899837    -0.015573     0.899058    -0.017043       0.897006 2.830889e-03
 72   3.6000     0.899058    -0.017043     0.898206    -0.018439       0.896332 2.726132e-03
 73   3.6500     0.898206    -0.018439     0.897284    -0.019763       0.895582 2.624247e-03
 74   3.7000     0.897284    -0.019763     0.896296    -0.021018       0.894759 2.525190e-03
 75   3.7500     0.896296    -0.021018     0.895245    -0.022207       0.893867 2.428916e-03
 76   3.8000     0.895245    -0.022207     0.894135    -0.023335       0.892910 2.335377e-03
 77   3.8500     0.894135    -0.023335     0.892968    -0.024404       0.891890 2.244523e-03
 78   3.9000     0.892968    -0.024404     0.891748    -0.025416       0.890812 2.156303e-03
 79   3.9500     0.891748    -0.025416     0.890477    -0.026375       0.889677 2.070665e-03
 80   4.0000     0.890477    -0.026375     0.889158    -0.027282       0.888489 1.987558e-03
 81   4.0500     0.889158    -0.027282     0.887794    -0.028141       0.887251 1.906926e-03
 82   4.1000     0.887794    -0.028141     0.886387    -0.028953       0.885965 1.828717e-03
 83   4.1500     0.886387    -0.028953     0.884939    -0.029722       0.884634 1.752876e-03
 84   4.2000     0.884939    -0.029722     0.883453    -0.030448       0.883260 1.679349e-03
 85   4.2500     0.883453    -0.030448     0.881931    -0.031134       0.881845 1.608081e-03
 86   4.3000     0.881931    -0.031134     0.880374    -0.031782       0.880392 1.539017e-03
 87   4.3500     0.880374    -0.031782     0.878785    -0.032394       0.878902 1.472103e-03
 88   4.4000     0.878785    -0.032394     0.877165    -0.032971       0.877378 1.407286e-03
 89   4.4500     0.877165    -0.032971     0.875517    -0.033516       0.875821 1.344511e-03
 90   4.5000     0.875517    -0.033516     0.873841    -0.034029       0.874233 1.283726e-03
 91   4.5500     0.873841    -0.034029     0.872140    -0.034512       0.872616 1.224877e-03
 92   4.6000     0.872140    -0.034512     0.870414    -0.034967       0.870972 1.167913e-03
 93   4.6500     0.870414    -0.034967     0.868666    -0.035394       0.869301 1.112782e-03
 94   4.7000     0.868666    -0.035394     0.866896    -0.035796       0.867606 1.059433e-03
 95   4.7500     0.866896    -0.035796     0.865106    -0.036174       0.865888 1.007818e-03
 96   4.8000     0.865106    -0.036174     0.863297    -0.036528       0.864148 9.578850e-04
 97   4.8500     0.863297    -0.036528     0.861471    -0.036860       0.862388 9.095876e-04
 98   4.9000     0.861471    -0.036860     0.859628    -0.037170       0.860608 8.628779e-04
 99   4.9500     0.859628    -0.037170     0.857770    -0.037461       0.858810 8.177093e-04
