  n        t          u^n          v^n      u^(n+1)      v^(n+1)           y(t)        error
  0   0.0000     0.010000     1.000000     0.110000     0.899950       0.010000 -8.673617e-18
  1   0.1000     0.110000     0.899950     0.199995     0.809405       0.105152 4.848078e-03
  2   0.2000     0.199995     0.809405     0.280936     0.727465       0.191199 8.796092e-03
  3   0.3000     0.280936     0.727465     0.353682     0.653313       0.268966 1.196903e-02
  4   0.4000     0.353682     0.653313     0.419013     0.586214       0.339205 1.447646e-02
  5   0.5000     0.419013     0.586214     0.477635     0.525497       0.402599 1.641430e-02
  6   0.6000     0.477635     0.525497     0.530184     0.470559       0.459768 1.786641e-02
  7   0.7000     0.530184     0.470559     0.577240     0.420852       0.511278 1.890601e-02
  8   0.8000     0.577240     0.420852     0.619326     0.375881       0.557643 1.959692e-02
  9   0.9000     0.619326     0.375881     0.656914     0.335196       0.599331 1.999468e-02
 10   1.0000     0.656914     0.335196     0.690433     0.298392       0.636766 2.014755e-02
 11   1.1000     0.690433     0.298392     0.720272     0.265101       0.670336 2.009735e-02
 12   1.2000     0.720272     0.265101     0.746783     0.234989       0.700392 1.988026e-02
 13   1.3000     0.746783     0.234989     0.770281     0.207756       0.727255 1.952751e-02
 14   1.4000     0.770281     0.207756     0.791057     0.183129       0.751216 1.906598e-02
 15   1.5000     0.791057     0.183129     0.809370     0.160861       0.772538 1.851872e-02
 16   1.6000     0.809370     0.160861     0.825456     0.140728       0.791465 1.790548e-02
 17   1.7000     0.825456     0.140728     0.839529     0.122528       0.808213 1.724305e-02
 18   1.8000     0.839529     0.122528     0.851782     0.106078       0.822983 1.654570e-02
 19   1.9000     0.851782     0.106078     0.862390     0.091211       0.835956 1.582548e-02
 20   2.0000     0.862390     0.091211     0.871511     0.077778       0.847297 1.509250e-02
 21   2.1000     0.871511     0.077778     0.879288     0.065643       0.857155 1.435521e-02
 22   2.2000     0.879288     0.065643     0.885853     0.054682       0.865668 1.362059e-02
 23   2.3000     0.885853     0.054682     0.891321     0.044784       0.872958 1.289438e-02
 24   2.4000     0.891321     0.044784     0.895799     0.035849       0.879140 1.218123e-02
 25   2.5000     0.895799     0.035849     0.899384     0.027785       0.884315 1.148486e-02
 26   2.6000     0.899384     0.027785     0.902163     0.020510       0.888576 1.080817e-02
 27   2.7000     0.902163     0.020510     0.904214     0.013948       0.892009 1.015343e-02
 28   2.8000     0.904214     0.013948     0.905609     0.008032       0.894692 9.522264e-03
 29   2.9000     0.905609     0.008032     0.906412     0.002701       0.896693 8.915851e-03
 30   3.0000     0.906412     0.002701     0.906682    -0.002101       0.898077 8.334931e-03
 31   3.1000     0.906682    -0.002101     0.906472    -0.006424       0.898902 7.779903e-03
 32   3.2000     0.906472    -0.006424     0.905829    -0.010314       0.899221 7.250871e-03
 33   3.3000     0.905829    -0.010314     0.904798    -0.013812       0.899082 6.747702e-03
 34   3.4000     0.904798    -0.013812     0.903417    -0.016955       0.898528 6.270065e-03
 35   3.5000     0.903417    -0.016955     0.901721    -0.019776       0.897599 5.817469e-03
 36   3.6000     0.901721    -0.019776     0.899744    -0.022307       0.896332 5.389298e-03
 37   3.7000     0.899744    -0.022307     0.897513    -0.024575       0.894759 4.984834e-03
 38   3.8000     0.897513    -0.024575     0.895055    -0.026605       0.892910 4.603287e-03
 39   3.9000     0.895055    -0.026605     0.892395    -0.028420       0.890812 4.243808e-03
 40   4.0000     0.892395    -0.028420     0.889553    -0.030040       0.888489 3.905512e-03
 41   4.1000     0.889553    -0.030040     0.886549    -0.031484       0.885965 3.587488e-03
 42   4.2000     0.886549    -0.031484     0.883400    -0.032768       0.883260 3.288815e-03
 43   4.3000     0.883400    -0.032768     0.880124    -0.033908       0.880392 3.008569e-03
 44   4.4000     0.880124    -0.033908     0.876733    -0.034918       0.877378 2.745832e-03
 45   4.5000     0.876733    -0.034918     0.873241    -0.035810       0.874233 2.499699e-03
 46   4.6000     0.873241    -0.035810     0.869660    -0.036595       0.870972 2.269284e-03
 47   4.7000     0.869660    -0.036595     0.866000    -0.037284       0.867606 2.053723e-03
 48   4.8000     0.866000    -0.037284     0.862272    -0.037886       0.864148 1.852179e-03
 49   4.9000     0.862272    -0.037886     0.858483    -0.038408       0.860608 1.663843e-03
