  n        t          u^n          v^n      u^(n+1)      v^(n+1)           y(t)        error
  0   0.0000     0.010000     1.000000     0.033125     0.828125       0.010000 0.000000e+00
  1   0.0250     0.033125     0.828125     0.051499     0.627563       0.032958 1.665794e-04
  2   0.0500     0.051499     0.627563     0.064598     0.413709       0.051293 2.061645e-04
  3   0.0750     0.064598     0.413709     0.072276     0.200897       0.064475 1.231301e-04
  4   0.1000     0.072276     0.200897     0.074726     0.001680       0.072340 -6.419777e-05
  5   0.1250     0.074726     0.001680     0.072430    -0.173708       0.075053 -3.270731e-04
  6   0.1500     0.072430    -0.173708     0.066095    -0.317681       0.073060 -6.303429e-04
  7   0.1750     0.066095    -0.317681     0.056584    -0.425436       0.067032 -9.365494e-04
  8   0.2000     0.056584    -0.425436     0.044845    -0.494904       0.057794 -1.209772e-03
  9   0.2250     0.044845    -0.494904     0.031844    -0.526546       0.046264 -1.418924e-03
 10   0.2500     0.031844    -0.526546     0.018508    -0.523021       0.033384 -1.540289e-03
 11   0.2750     0.018508    -0.523021     0.005671    -0.488763       0.020067 -1.559178e-03
 12   0.3000     0.005671    -0.488763    -0.005961    -0.429504       0.007142 -1.470661e-03
 13   0.3250    -0.005961    -0.429504    -0.015842    -0.351778      -0.004682 -1.279409e-03
 14   0.3500    -0.015842    -0.351778    -0.023591    -0.262432      -0.014843 -9.987435e-04
 15   0.3750    -0.023591    -0.262432    -0.029005    -0.168185      -0.022942 -6.490498e-04
 16   0.4000    -0.029005    -0.168185    -0.032040    -0.075240      -0.028749 -2.557354e-04
 17   0.4250    -0.032040    -0.075240    -0.032802     0.011023      -0.032193 1.530644e-04
 18   0.4500    -0.032802     0.011023    -0.031519     0.086268      -0.033351 5.488325e-04
 19   0.4750    -0.031519     0.086268    -0.028512     0.147335      -0.032424 9.048833e-04
 20   0.5000    -0.028512     0.147335    -0.024168     0.192290      -0.029710 1.198284e-03
 21   0.5250    -0.024168     0.192290    -0.018906     0.220391      -0.025579 1.411362e-03
 22   0.5500    -0.018906     0.220391    -0.013150     0.231988      -0.020439 1.532725e-03
 23   0.5750    -0.013150     0.231988    -0.007302     0.228372      -0.014707 1.557740e-03
 24   0.6000    -0.007302     0.228372    -0.001721     0.211586      -0.008790 1.488506e-03
 25   0.6250    -0.001721     0.211586     0.003292     0.184212      -0.003054 1.333329e-03
 26   0.6500     0.003292     0.184212     0.007506     0.149153       0.002186 1.105803e-03
 27   0.6750     0.007506     0.149153     0.010768     0.109420       0.006683 8.235789e-04
 28   0.7000     0.010768     0.109420     0.012996     0.067941       0.010261 5.069265e-04
 29   0.7250     0.012996     0.067941     0.014182     0.027397       0.012818 1.772255e-04
 30   0.7500     0.014182     0.027397     0.014381    -0.009908       0.014326 -1.445248e-04
 31   0.7750     0.014381    -0.009908     0.013699    -0.042143       0.014820 -4.390637e-04
 32   0.8000     0.013699    -0.042143     0.012283    -0.067995       0.014389 -6.900165e-04
 33   0.8250     0.012283    -0.067995     0.010306    -0.086691       0.013168 -8.847694e-04
 34   0.8500     0.010306    -0.086691     0.007952    -0.097977       0.011321 -1.015033e-03
 35   0.8750     0.007952    -0.097977     0.005407    -0.102072       0.009029 -1.077080e-03
 36   0.9000     0.005407    -0.102072     0.002846    -0.099593       0.006479 -1.071670e-03
 37   0.9250     0.002846    -0.099593     0.000423    -0.091480       0.003850 -1.003687e-03
 38   0.9500     0.000423    -0.091480    -0.001735    -0.078892       0.001304 -8.815331e-04
 39   0.9750    -0.001735    -0.078892    -0.003529    -0.063116      -0.001018 -7.163515e-04
 40   1.0000    -0.003529    -0.063116    -0.004898    -0.045476      -0.003008 -5.211222e-04
 41   1.0250    -0.004898    -0.045476    -0.005811    -0.027245      -0.004589 -3.097164e-04
 42   1.0500    -0.005811    -0.027245    -0.006268    -0.009581      -0.005715 -9.596495e-05
 43   1.0750    -0.006268    -0.009581    -0.006297     0.006532      -0.006375 1.071968e-04
 44   1.1000    -0.006297     0.006532    -0.005947     0.020320      -0.006585 2.884612e-04
 45   1.1250    -0.005947     0.020320    -0.005285     0.031242      -0.006386 4.387197e-04
 46   1.1500    -0.005285     0.031242    -0.004387     0.038991      -0.005836 5.514509e-04
 47   1.1750    -0.004387     0.038991    -0.003336     0.043486      -0.005010 6.229150e-04
 48   1.2000    -0.003336     0.043486    -0.002213     0.044851      -0.003989 6.521606e-04
 49   1.2250    -0.002213     0.044851    -0.001093     0.043380      -0.002854 6.408564e-04
 50   1.2500    -0.001093     0.043380    -0.000042     0.039501      -0.001686 5.929755e-04
 51   1.2750    -0.000042     0.039501     0.000885     0.033736      -0.000556 5.143630e-04
 52   1.3000     0.000885     0.033736     0.001648     0.026653       0.000473 4.122250e-04
 53   1.3250     0.001648     0.026653     0.002222     0.018833       0.001354 2.945768e-04
 54   1.3500     0.002222     0.018833     0.002594     0.010831       0.002052 1.696882e-04
 55   1.3750     0.002594     0.010831     0.002766     0.003145       0.002548 4.556141e-05
 56   1.4000     0.002766     0.003145     0.002754    -0.003806       0.002837 -7.053068e-05
 57   1.4250     0.002754    -0.003806     0.002578    -0.009694       0.002926 -1.724205e-04
 58   1.4500     0.002578    -0.009694     0.002271    -0.014298       0.002834 -2.553225e-04
 59   1.4750     0.002271    -0.014298     0.001864    -0.017498       0.002587 -3.160007e-04
 60   1.5000     0.001864    -0.017498     0.001396    -0.019270       0.002217 -3.528276e-04
 61   1.5250     0.001396    -0.019270     0.000901    -0.019682       0.001762 -3.657400e-04
 62   1.5500     0.000901    -0.019682     0.000411    -0.018872       0.001257 -3.561040e-04
 63   1.5750     0.000411    -0.018872    -0.000044    -0.017035       0.000738 -3.265051e-04
 64   1.6000    -0.000044    -0.017035    -0.000442    -0.014404       0.000237 -2.804842e-04
 65   1.6250    -0.000442    -0.014404    -0.000765    -0.011230      -0.000219 -2.222386e-04
 66   1.6500    -0.000765    -0.011230    -0.001005    -0.007769      -0.000609 -1.563115e-04
 67   1.6750    -0.001005    -0.007769    -0.001155    -0.004261      -0.000917 -8.728843e-05
 68   1.7000    -0.001155    -0.004261    -0.001219    -0.000921      -0.001136 -1.951921e-05
 69   1.7250    -0.001219    -0.000921    -0.001203     0.002073      -0.001262 4.312042e-05
 70   1.7500    -0.001203     0.002073    -0.001116     0.004584      -0.001300 9.741659e-05
 71   1.7750    -0.001116     0.004584    -0.000974     0.006521      -0.001257 1.409478e-04
 72   1.8000    -0.000974     0.006521    -0.000791     0.007836      -0.001146 1.721558e-04
 73   1.8250    -0.000791     0.007836    -0.000583     0.008526      -0.000981 1.903579e-04
 74   1.8500    -0.000583     0.008526    -0.000364     0.008626      -0.000778 1.957053e-04
 75   1.8750    -0.000364     0.008626    -0.000151     0.008200      -0.000554 1.890962e-04
 76   1.9000    -0.000151     0.008200     0.000046     0.007336      -0.000323 1.720514e-04
 77   1.9250     0.000046     0.007336     0.000216     0.006140      -0.000101 1.465651e-04
 78   1.9500     0.000216     0.006140     0.000354     0.004721       0.000102 1.149409e-04
 79   1.9750     0.000354     0.004721     0.000453     0.003191       0.000274 7.962565e-05
 80   2.0000     0.000453     0.003191     0.000514     0.001655       0.000410 4.305029e-05
 81   2.0250     0.000514     0.001655     0.000537     0.000205       0.000506 7.486721e-06
 82   2.0500     0.000537     0.000205     0.000525    -0.001083       0.000562 -2.507168e-05
 83   2.0750     0.000525    -0.001083     0.000483    -0.002152       0.000578 -5.300162e-05
 84   2.1000     0.000483    -0.002152     0.000417    -0.002964       0.000558 -7.511041e-05
 85   2.1250     0.000417    -0.002964     0.000335    -0.003502       0.000508 -9.066498e-05
 86   2.1500     0.000335    -0.003502     0.000242    -0.003767       0.000434 -9.939065e-05
 87   2.1750     0.000242    -0.003767     0.000146    -0.003776       0.000344 -1.014427e-04
 88   2.2000     0.000146    -0.003776     0.000053    -0.003558       0.000244 -9.735506e-05
 89   2.2250     0.000053    -0.003558    -0.000032    -0.003155       0.000141 -8.797169e-05
 90   2.2500    -0.000032    -0.003155    -0.000105    -0.002613       0.000043 -7.436596e-05
 91   2.2750    -0.000105    -0.002613    -0.000163    -0.001979      -0.000047 -5.775449e-05
 92   2.3000    -0.000163    -0.001979    -0.000204    -0.001304      -0.000123 -3.941100e-05
 93   2.3250    -0.000204    -0.001304    -0.000228    -0.000633      -0.000183 -2.058516e-05
 94   2.3500    -0.000228    -0.000633    -0.000236    -0.000004      -0.000226 -2.431052e-06
 95   2.3750    -0.000236    -0.000004    -0.000229     0.000549      -0.000250 1.405169e-05
 96   2.4000    -0.000229     0.000549    -0.000209     0.001003      -0.000257 2.806164e-05
 97   2.4250    -0.000209     0.001003    -0.000179     0.001343      -0.000248 3.902319e-05
 98   2.4500    -0.000179     0.001343    -0.000141     0.001562      -0.000225 4.659808e-05
 99   2.4750    -0.000141     0.001562    -0.000100     0.001662      -0.000192 5.068156e-05
100   2.5000    -0.000100     0.001662    -0.000058     0.001651      -0.000152 5.138520e-05
101   2.5250    -0.000058     0.001651    -0.000018     0.001542      -0.000107 4.900849e-05
102   2.5500    -0.000018     0.001542     0.000019     0.001355      -0.000062 4.400222e-05
103   2.5750     0.000019     0.001355     0.000050     0.001110      -0.000018 3.692658e-05
104   2.6000     0.000050     0.001110     0.000075     0.000828       0.000022 2.840695e-05
105   2.6250     0.000075     0.000828     0.000092     0.000530       0.000055 1.909037e-05
106   2.6500     0.000092     0.000530     0.000101     0.000237       0.000082 9.605108e-06
107   2.6750     0.000101     0.000237     0.000104    -0.000035       0.000101 5.254519e-07
108   2.7000     0.000104    -0.000035     0.000099    -0.000273       0.000111 -7.656718e-06
109   2.7250     0.000099    -0.000273     0.000090    -0.000465       0.000114 -1.455258e-05
110   2.7500     0.000090    -0.000465     0.000076    -0.000607       0.000110 -1.988880e-05
111   2.7750     0.000076    -0.000607     0.000060    -0.000696       0.000100 -2.351186e-05
112   2.8000     0.000060    -0.000696     0.000041    -0.000732       0.000085 -2.538487e-05
113   2.8250     0.000041    -0.000732     0.000023    -0.000721       0.000067 -2.557775e-05
114   2.8500     0.000023    -0.000721     0.000005    -0.000668       0.000047 -2.425216e-05
115   2.8750     0.000005    -0.000668    -0.000010    -0.000581       0.000027 -2.164250e-05
116   2.9000    -0.000010    -0.000581    -0.000024    -0.000471       0.000008 -1.803458e-05
117   2.9250    -0.000024    -0.000471    -0.000034    -0.000345      -0.000010 -1.374350e-05
118   2.9500    -0.000034    -0.000345    -0.000041    -0.000214      -0.000025 -9.091953e-06
119   2.9750    -0.000041    -0.000214    -0.000045    -0.000086      -0.000037 -4.390478e-06
120   3.0000    -0.000045    -0.000086    -0.000045     0.000031      -0.000045 7.964895e-08
121   3.0250    -0.000045     0.000031    -0.000043     0.000133      -0.000049 4.079957e-06
122   3.0500    -0.000043     0.000133    -0.000039     0.000215      -0.000051 7.424403e-06
123   3.0750    -0.000039     0.000215    -0.000033     0.000274      -0.000049 9.984894e-06
124   3.1000    -0.000033     0.000274    -0.000025     0.000309      -0.000044 1.169281e-05
125   3.1250    -0.000025     0.000309    -0.000017     0.000322      -0.000038 1.253687e-05
126   3.1500    -0.000017     0.000322    -0.000009     0.000314      -0.000030 1.255779e-05
127   3.1750    -0.000009     0.000314    -0.000001     0.000289      -0.000021 1.184045e-05
128   3.2000    -0.000001     0.000289     0.000005     0.000249      -0.000012 1.050433e-05
129   3.2250     0.000005     0.000249     0.000011     0.000199      -0.000003 8.692756e-06
130   3.2500     0.000011     0.000199     0.000015     0.000143       0.000005 6.562028e-06
131   3.2750     0.000015     0.000143     0.000018     0.000086       0.000011 4.270808e-06
132   3.3000     0.000018     0.000086     0.000020     0.000030       0.000016 1.970526e-06
133   3.3250     0.000020     0.000030     0.000020    -0.000021       0.000020 -2.027805e-07
134   3.3500     0.000020    -0.000021     0.000019    -0.000064       0.000022 -2.134867e-06
135   3.3750     0.000019    -0.000064     0.000017    -0.000099       0.000023 -3.737720e-06
136   3.4000     0.000017    -0.000099     0.000014    -0.000123       0.000022 -4.951980e-06
137   3.4250     0.000014    -0.000123     0.000011    -0.000137       0.000020 -5.747412e-06
138   3.4500     0.000011    -0.000137     0.000007    -0.000142       0.000017 -6.121615e-06
139   3.4750     0.000007    -0.000142     0.000003    -0.000137       0.000013 -6.097218e-06
140   3.5000     0.000003    -0.000137     0.000000    -0.000125       0.000009 -5.717902e-06
141   3.5250     0.000000    -0.000125    -0.000003    -0.000106       0.000005 -5.043592e-06
142   3.5500    -0.000003    -0.000106    -0.000005    -0.000084       0.000001 -4.145209e-06
143   3.5750    -0.000005    -0.000084    -0.000007    -0.000059      -0.000002 -3.099323e-06
144   3.6000    -0.000007    -0.000059    -0.000008    -0.000034      -0.000005 -1.983042e-06
145   3.6250    -0.000008    -0.000034    -0.000009    -0.000010      -0.000007 -8.694159e-07
146   3.6500    -0.000009    -0.000010    -0.000009     0.000012      -0.000009 1.764389e-07
147   3.6750    -0.000009     0.000012    -0.000008     0.000031      -0.000010 1.100328e-06
148   3.7000    -0.000008     0.000031    -0.000007     0.000045      -0.000010 1.861007e-06
149   3.7250    -0.000007     0.000045    -0.000006     0.000055      -0.000010 2.431233e-06
150   3.7500    -0.000006     0.000055    -0.000004     0.000061      -0.000009 2.797870e-06
151   3.7750    -0.000004     0.000061    -0.000003     0.000062      -0.000007 2.961162e-06
152   3.8000    -0.000003     0.000062    -0.000001     0.000060      -0.000006 2.933282e-06
153   3.8250    -0.000001     0.000060     0.000000     0.000054      -0.000004 2.736344e-06
154   3.8500     0.000000     0.000054     0.000001     0.000045      -0.000002 2.400036e-06
155   3.8750     0.000001     0.000045     0.000002     0.000035      -0.000001 1.959060e-06
156   3.9000     0.000002     0.000035     0.000003     0.000025       0.000001 1.450548e-06
157   3.9250     0.000003     0.000025     0.000004     0.000013       0.000002 9.116219e-07
158   3.9500     0.000004     0.000013     0.000004     0.000003       0.000003 3.772012e-07
159   3.9750     0.000004     0.000003     0.000004    -0.000007       0.000004 -1.218112e-07
160   4.0000     0.000004    -0.000007     0.000004    -0.000014       0.000004 -5.599191e-07
161   4.0250     0.000004    -0.000014     0.000003    -0.000021       0.000004 -9.179516e-07
162   4.0500     0.000003    -0.000021     0.000002    -0.000025       0.000004 -1.183512e-06
163   4.0750     0.000002    -0.000025     0.000002    -0.000027       0.000004 -1.350975e-06
164   4.1000     0.000002    -0.000027     0.000001    -0.000027       0.000003 -1.421094e-06
165   4.1250     0.000001    -0.000027     0.000000    -0.000026       0.000003 -1.400261e-06
166   4.1500     0.000000    -0.000026    -0.000000    -0.000023       0.000002 -1.299529e-06
167   4.1750    -0.000000    -0.000023    -0.000001    -0.000019       0.000001 -1.133453e-06
168   4.2000    -0.000001    -0.000019    -0.000001    -0.000015       0.000000 -9.188560e-07
169   4.2250    -0.000001    -0.000015    -0.000001    -0.000010      -0.000000 -6.735959e-07
170   4.2500    -0.000001    -0.000010    -0.000002    -0.000005      -0.000001 -4.153992e-07
171   4.2750    -0.000002    -0.000005    -0.000002    -0.000001      -0.000001 -1.608332e-07
172   4.3000    -0.000002    -0.000001    -0.000002     0.000003      -0.000002 7.554346e-08
173   4.3250    -0.000002     0.000003    -0.000002     0.000007      -0.000002 2.818207e-07
174   4.3500    -0.000002     0.000007    -0.000001     0.000009      -0.000002 4.491503e-07
175   4.3750    -0.000001     0.000009    -0.000001     0.000011      -0.000002 5.719345e-07
176   4.4000    -0.000001     0.000011    -0.000001     0.000012      -0.000002 6.478030e-07
177   4.4250    -0.000001     0.000012    -0.000000     0.000012      -0.000001 6.774013e-07
178   4.4500    -0.000000     0.000012    -0.000000     0.000011      -0.000001 6.640253e-07
179   4.4750    -0.000000     0.000011     0.000000     0.000010      -0.000001 6.131391e-07
180   4.5000     0.000000     0.000010     0.000000     0.000008      -0.000000 5.318174e-07
181   4.5250     0.000000     0.000008     0.000001     0.000006      -0.000000 4.281536e-07
182   4.5500     0.000001     0.000006     0.000001     0.000004       0.000000 3.106731e-07
183   4.5750     0.000001     0.000004     0.000001     0.000002       0.000000 1.877839e-07
184   4.6000     0.000001     0.000002     0.000001     0.000000       0.000001 6.729489e-08
185   4.6250     0.000001     0.000000     0.000001    -0.000002       0.000001 -4.397833e-08
186   4.6500     0.000001    -0.000002     0.000001    -0.000003       0.000001 -1.405063e-07
187   4.6750     0.000001    -0.000003     0.000001    -0.000004       0.000001 -2.182304e-07
188   4.7000     0.000001    -0.000004     0.000000    -0.000005       0.000001 -2.746414e-07
189   4.7250     0.000000    -0.000005     0.000000    -0.000005       0.000001 -3.087574e-07
190   4.7500     0.000000    -0.000005     0.000000    -0.000005       0.000001 -3.210146e-07
191   4.7750     0.000000    -0.000005     0.000000    -0.000005       0.000000 -3.130867e-07
192   4.8000     0.000000    -0.000005    -0.000000    -0.000004       0.000000 -2.876511e-07
193   4.8250    -0.000000    -0.000004    -0.000000    -0.000004       0.000000 -2.481209e-07
194   4.8500    -0.000000    -0.000004    -0.000000    -0.000003       0.000000 -1.983638e-07
195   4.8750    -0.000000    -0.000003    -0.000000    -0.000002      -0.000000 -1.424249e-07
196   4.9000    -0.000000    -0.000002    -0.000000    -0.000001      -0.000000 -8.426867e-08
197   4.9250    -0.000000    -0.000001    -0.000000     0.000000      -0.000000 -2.755511e-08
198   4.9500    -0.000000     0.000000    -0.000000     0.000001      -0.000000 2.454258e-08
199   4.9750    -0.000000     0.000001    -0.000000     0.000001      -0.000000 6.947114e-08
