  n        t          u^n          v^n      u^(n+1)      v^(n+1)           y(t)        error
  0   0.0000     0.010000     1.000000     0.053047     0.752305       0.010000 -8.673617e-18
  1   0.0500     0.053047     0.752305     0.085076     0.553692       0.053529 -4.822085e-04
  2   0.1000     0.085076     0.553692     0.108289     0.395107       0.085862 -7.866819e-04
  3   0.1500     0.108289     0.395107     0.124482     0.269119       0.109250 -9.613285e-04
  4   0.2000     0.124482     0.269119     0.135115     0.169633       0.125525 -1.042698e-03
  5   0.2500     0.135115     0.169633     0.141375     0.091655       0.136174 -1.058496e-03
  6   0.3000     0.141375     0.091655     0.144223     0.031095       0.142405 -1.029561e-03
  7   0.3500     0.144223     0.031095     0.144437    -0.015396       0.145195 -9.714270e-04
  8   0.4000     0.144437    -0.015396     0.142645    -0.050555       0.145333 -8.955403e-04
  9   0.4500     0.142645    -0.050555     0.139350    -0.076616       0.143455 -8.102190e-04
 10   0.5000     0.139350    -0.076616     0.134958    -0.095404       0.140072 -7.213977e-04
 11   0.5500     0.134958    -0.095404     0.129789    -0.108406       0.135591 -6.332088e-04
 12   0.6000     0.129789    -0.108406     0.124100    -0.116828       0.130337 -5.484323e-04
 13   0.6500     0.124100    -0.116828     0.118092    -0.121654       0.124569 -4.688434e-04
 14   0.7000     0.118092    -0.121654     0.111923    -0.123678       0.118488 -3.954799e-04
 15   0.7500     0.111923    -0.123678     0.105715    -0.123544       0.112252 -3.288464e-04
 16   0.8000     0.105715    -0.123544     0.099562    -0.121769       0.105984 -2.690695e-04
 17   0.8500     0.099562    -0.121769     0.093532    -0.118771       0.099778 -2.160153e-04
 18   0.9000     0.093532    -0.118771     0.087680    -0.114882       0.093702 -1.693769e-04
 19   0.9500     0.087680    -0.114882     0.082040    -0.110368       0.087808 -1.287395e-04
 20   1.0000     0.082040    -0.110368     0.076640    -0.105440       0.082134 -9.362785e-05
 21   1.0500     0.076640    -0.105440     0.071494    -0.100264       0.076703 -6.354037e-05
 22   1.1000     0.071494    -0.100264     0.066612    -0.094969       0.071532 -3.797329e-05
 23   1.1500     0.066612    -0.094969     0.061996    -0.089656       0.066628 -1.643698e-05
 24   1.2000     0.061996    -0.089656     0.057645    -0.084400       0.061994 1.533234e-06
 25   1.2500     0.057645    -0.084400     0.053555    -0.079259       0.057628 1.637058e-05
 26   1.3000     0.053555    -0.079259     0.049718    -0.074275       0.053526 2.847334e-05
 27   1.3500     0.049718    -0.074275     0.046127    -0.069478       0.049680 3.820353e-05
 28   1.4000     0.046127    -0.069478     0.042770    -0.064889       0.046081 4.588716e-05
 29   1.4500     0.042770    -0.064889     0.039638    -0.060519       0.042718 5.181548e-05
 30   1.5000     0.039638    -0.060519     0.036718    -0.056375       0.039581 5.624690e-05
 31   1.5500     0.036718    -0.056375     0.034000    -0.052460       0.036659 5.940932e-05
 32   1.6000     0.034000    -0.052460     0.031472    -0.048771       0.033939 6.150265e-05
 33   1.6500     0.031472    -0.048771     0.029123    -0.045305       0.031409 6.270136e-05
 34   1.7000     0.029123    -0.045305     0.026942    -0.042055       0.029060 6.315706e-05
 35   1.7500     0.026942    -0.042055     0.024918    -0.039013       0.026879 6.300089e-05
 36   1.8000     0.024918    -0.039013     0.023040    -0.036171       0.024855 6.234582e-05
 37   1.8500     0.023040    -0.036171     0.021301    -0.033519       0.022979 6.128877e-05
 38   1.9000     0.021301    -0.033519     0.019689    -0.031048       0.021241 5.991255e-05
 39   1.9500     0.019689    -0.031048     0.018196    -0.028748       0.019630 5.828761e-05
