  n        t          u^n          v^n      u^(n+1)      v^(n+1)           y(t)        error
  0   0.0000     0.010000     1.000000     0.080000     0.050000       0.010000 0.000000e+00
  1   0.1000     0.080000     0.050000     0.043750    -0.593750       0.072340 7.660001e-03
  2   0.2000     0.043750    -0.593750    -0.022656    -0.402344       0.057794 -1.404383e-02
  3   0.3000    -0.022656    -0.402344    -0.041504     0.119629       0.007142 -2.979813e-02
  4   0.4000    -0.041504     0.119629    -0.011780     0.326233      -0.028749 -1.275477e-02
  5   0.5000    -0.011780     0.326233     0.018578     0.129128      -0.029710 1.793069e-02
  6   0.6000     0.018578     0.129128     0.018973    -0.123191      -0.008790 2.736767e-02
  7   0.7000     0.018973    -0.123191     0.000247    -0.157699       0.010261 8.712621e-03
  8   0.8000     0.000247    -0.157699    -0.011704    -0.021568       0.014389 -1.414191e-02
  9   0.9000    -0.011704    -0.021568    -0.007469     0.085082       0.006479 -1.818262e-02
 10   1.0000    -0.007469     0.085082     0.002646     0.066656      -0.003008 -4.461228e-03
 11   1.1000     0.002646     0.066656     0.006322    -0.011516      -0.006585 9.231619e-03
 12   1.2000     0.006322    -0.011516     0.002297    -0.048858      -0.003989 1.031101e-02
 13   1.3000     0.002297    -0.048858    -0.002516    -0.023338       0.000473 1.824357e-03
 14   1.4000    -0.002516    -0.023338    -0.003008     0.015950       0.002837 -5.352449e-03
 15   1.5000    -0.003008     0.015950    -0.000308     0.024555       0.002217 -5.225483e-03
 16   1.6000    -0.000308     0.024555     0.001688     0.005378       0.000237 -5.445845e-04
 17   1.7000     0.001688     0.005378     0.001247    -0.011985      -0.001136 2.823592e-03
 18   1.8000     0.001247    -0.011985    -0.000275    -0.010852      -0.001146 2.393533e-03
 19   1.9000    -0.000275    -0.010852    -0.000952     0.000708      -0.000323 4.766953e-05
