  n        t          u^n          v^n      u^(n+1)      v^(n+1)           y(t)        error
  0   0.0000     0.010000     1.000000     0.104998     0.904702       0.010000 -8.673617e-18
  1   0.1000     0.104998     0.904702     0.190918     0.818031       0.105152 -1.544224e-04
  2   0.2000     0.190918     0.818031     0.268583     0.739207       0.191199 -2.809200e-04
  3   0.3000     0.268583     0.739207     0.338741     0.667521       0.268966 -3.832770e-04
  4   0.4000     0.338741     0.667521     0.402071     0.602331       0.339205 -4.648219e-04
  5   0.5000     0.402071     0.602331     0.459191     0.543049       0.402599 -5.284787e-04
  6   0.6000     0.459191     0.543049     0.510666     0.489142       0.459768 -5.768132e-04
  7   0.7000     0.510666     0.489142     0.557007     0.440126       0.511278 -6.120736e-04
  8   0.8000     0.557007     0.440126     0.598680     0.395558       0.557643 -6.362271e-04
  9   0.9000     0.598680     0.395558     0.636108     0.355038       0.599331 -6.509920e-04
 10   1.0000     0.636108     0.355038     0.669678     0.318199       0.636766 -6.578672e-04
 11   1.1000     0.669678     0.318199     0.699739     0.284709       0.670336 -6.581571e-04
 12   1.2000     0.699739     0.284709     0.726612     0.254267       0.700392 -6.529950e-04
 13   1.3000     0.726612     0.254267     0.750585     0.226597       0.727255 -6.433633e-04
 14   1.4000     0.750585     0.226597     0.771924     0.201448       0.751216 -6.301113e-04
 15   1.5000     0.771924     0.201448     0.790869     0.178593       0.772538 -6.139713e-04
 16   1.6000     0.790869     0.178593     0.807638     0.157826       0.791465 -5.955731e-04
 17   1.7000     0.807638     0.157826     0.822429     0.138957       0.808213 -5.754561e-04
 18   1.8000     0.822429     0.138957     0.835425     0.121814       0.822983 -5.540809e-04
 19   1.9000     0.835425     0.121814     0.846788     0.106243       0.835956 -5.318386e-04
