  n        t          u^n          v^n      u^(n+1)      v^(n+1)           y(t)        error
  0   0.0000     0.010000     1.000000     0.035000     0.850000       0.010000 0.000000e+00
  1   0.0250     0.035000     0.850000     0.056250     0.656250       0.032958 2.041579e-03
  2   0.0500     0.056250     0.656250     0.072656     0.433594       0.051293 4.957141e-03
  3   0.0750     0.072656     0.433594     0.083496     0.197754       0.064475 8.181182e-03
  4   0.1000     0.083496     0.197754     0.088440    -0.035706       0.072340 1.115609e-02
  5   0.1250     0.088440    -0.035706     0.087547    -0.252342       0.075053 1.338717e-02
  6   0.1500     0.087547    -0.252342     0.081239    -0.439668       0.073060 1.448707e-02
  7   0.1750     0.081239    -0.439668     0.070247    -0.587806       0.067032 1.420702e-02
  8   0.2000     0.070247    -0.587806     0.055552    -0.689948       0.057794 1.245322e-02
  9   0.2250     0.055552    -0.689948     0.038303    -0.742584       0.046264 9.288314e-03
 10   0.2500     0.038303    -0.742584     0.019739    -0.745519       0.033384 4.918955e-03
 11   0.2750     0.019739    -0.745519     0.001101    -0.701676       0.020067 -3.284877e-04
 12   0.3000     0.001101    -0.701676    -0.016441    -0.616718       0.007142 -6.041267e-03
 13   0.3250    -0.016441    -0.616718    -0.031859    -0.498525      -0.004682 -1.175930e-02
 14   0.3500    -0.031859    -0.498525    -0.044322    -0.356561      -0.014843 -1.701636e-02
 15   0.3750    -0.044322    -0.356561    -0.053236    -0.201185      -0.022942 -2.138005e-02
 16   0.4000    -0.053236    -0.201185    -0.058266    -0.042946      -0.028749 -2.448724e-02
 17   0.4250    -0.058266    -0.042946    -0.059340     0.108087      -0.032193 -2.607264e-02
 18   0.4500    -0.059340     0.108087    -0.056637     0.242925      -0.033351 -2.598835e-02
 19   0.4750    -0.056637     0.242925    -0.050564     0.354153      -0.032424 -2.421355e-02
 20   0.5000    -0.050564     0.354153    -0.041711     0.436295      -0.029710 -2.085388e-02
 21   0.5250    -0.041711     0.436295    -0.030803     0.486035      -0.025579 -1.613113e-02
 22   0.5500    -0.030803     0.486035    -0.018652     0.502288      -0.020439 -1.036445e-02
 23   0.5750    -0.018652     0.502288    -0.006095     0.486133      -0.014707 -3.944798e-03
 24   0.6000    -0.006095     0.486133     0.006058     0.440604      -0.008790 2.695030e-03
 25   0.6250     0.006058     0.440604     0.017073     0.370383      -0.003054 9.112536e-03
 26   0.6500     0.017073     0.370383     0.026333     0.281402       0.002186 1.488728e-02
 27   0.6750     0.026333     0.281402     0.033368     0.180394       0.006683 1.965003e-02
 28   0.7000     0.033368     0.180394     0.037878     0.074425       0.010261 2.310722e-02
 29   0.7250     0.037878     0.074425     0.039738    -0.029573       0.012818 2.505934e-02
 30   0.7500     0.039738    -0.029573     0.038999    -0.125222       0.014326 2.541196e-02
 31   0.7750     0.038999    -0.125222     0.035869    -0.207067       0.014820 2.417916e-02
 32   0.8000     0.035869    -0.207067     0.030692    -0.270855       0.014389 2.147929e-02
 33   0.8250     0.030692    -0.270855     0.023920    -0.313728       0.013168 1.752368e-02
 34   0.8500     0.023920    -0.313728     0.016077    -0.334313       0.011321 1.259952e-02
 35   0.8750     0.016077    -0.334313     0.007719    -0.332717       0.009029 7.048159e-03
 36   0.9000     0.007719    -0.332717    -0.000598    -0.310426       0.006479 1.240588e-03
 37   0.9250    -0.000598    -0.310426    -0.008359    -0.270127       0.003850 -4.448083e-03
 38   0.9500    -0.008359    -0.270127    -0.015112    -0.215463       0.001304 -9.663429e-03
 39   0.9750    -0.015112    -0.215463    -0.020499    -0.150750      -0.001018 -1.409414e-02
 40   1.0000    -0.020499    -0.150750    -0.024268    -0.080659      -0.003008 -1.749066e-02
 41   1.0250    -0.024268    -0.080659    -0.026284    -0.009907      -0.004589 -1.967900e-02
 42   1.0500    -0.026284    -0.009907    -0.026532     0.057041      -0.005715 -2.056895e-02
 43   1.0750    -0.026532     0.057041    -0.025106     0.116241      -0.006375 -2.015652e-02
 44   1.1000    -0.025106     0.116241    -0.022200     0.164475      -0.006585 -1.852055e-02
 45   1.1250    -0.022200     0.164475    -0.018088     0.199415      -0.006386 -1.581414e-02
 46   1.1500    -0.018088     0.199415    -0.013102     0.219707      -0.005836 -1.225164e-02
 47   1.1750    -0.013102     0.219707    -0.007610     0.225000      -0.005010 -8.092188e-03
 48   1.2000    -0.007610     0.225000    -0.001985     0.215900      -0.003989 -3.621203e-03
 49   1.2250    -0.001985     0.215900     0.003413     0.193874      -0.002854 8.690363e-04
 50   1.2500     0.003413     0.193874     0.008260     0.161108      -0.001686 5.098305e-03
 51   1.2750     0.008260     0.161108     0.012287     0.120321      -0.000556 8.815689e-03
 52   1.3000     0.012287     0.120321     0.015295     0.074562       0.000473 1.181413e-02
 53   1.3250     0.015295     0.074562     0.017159     0.027004       0.001354 1.394149e-02
 54   1.3500     0.017159     0.027004     0.017834    -0.019270       0.002052 1.510749e-02
 55   1.3750     0.017834    -0.019270     0.017353    -0.061447       0.002548 1.528648e-02
 56   1.4000     0.017353    -0.061447     0.015817    -0.097148       0.002837 1.451583e-02
 57   1.4250     0.015817    -0.097148     0.013388    -0.124546       0.002926 1.289050e-02
 58   1.4500     0.013388    -0.124546     0.010274    -0.142447       0.002834 1.055414e-02
 59   1.4750     0.010274    -0.142447     0.006713    -0.150327       0.002587 7.687604e-03
 60   1.5000     0.006713    -0.150327     0.002955    -0.148318       0.002217 4.495672e-03
 61   1.5250     0.002955    -0.148318    -0.000753    -0.137166       0.001762 1.192958e-03
 62   1.5500    -0.000753    -0.137166    -0.004182    -0.118137       0.001257 -2.010089e-03
 63   1.5750    -0.004182    -0.118137    -0.007136    -0.092914       0.000738 -4.920183e-03
 64   1.6000    -0.007136    -0.092914    -0.009459    -0.063461       0.000237 -7.372424e-03
 65   1.6250    -0.009459    -0.063461    -0.011045    -0.031882      -0.000219 -9.239150e-03
 66   1.6500    -0.011045    -0.031882    -0.011842    -0.000284      -0.000609 -1.043596e-02
 67   1.6750    -0.011842    -0.000284    -0.011849     0.029357      -0.000917 -1.092468e-02
 68   1.7000    -0.011849     0.029357    -0.011115     0.055310      -0.001136 -1.071331e-02
 69   1.7250    -0.011115     0.055310    -0.009733     0.076185      -0.001262 -9.852979e-03
 70   1.7500    -0.009733     0.076185    -0.007828     0.090993      -0.001300 -8.432442e-03
 71   1.7750    -0.007828     0.090993    -0.005553     0.099189      -0.001257 -6.570469e-03
 72   1.8000    -0.005553     0.099189    -0.003073     0.100673      -0.001146 -4.406771e-03
 73   1.8250    -0.003073     0.100673    -0.000557     0.095772      -0.000981 -2.092122e-03
 74   1.8500    -0.000557     0.095772     0.001838     0.085192      -0.000778 2.216755e-04
 75   1.8750     0.001838     0.085192     0.003968     0.069949      -0.000554 2.391328e-03
 76   1.9000     0.003968     0.069949     0.005716     0.051286      -0.000323 4.290519e-03
 77   1.9250     0.005716     0.051286     0.006998     0.030585      -0.000101 5.816847e-03
 78   1.9500     0.006998     0.030585     0.007763     0.009266       0.000102 6.896867e-03
 79   1.9750     0.007763     0.009266     0.007995    -0.011300       0.000274 7.489037e-03
