  n        t          u^n          v^n      u^(n+1)      v^(n+1)           y(t)        error
  0   0.0000     0.010000     1.000000     0.060000     0.700000       0.010000 0.000000e+00
  1   0.0500     0.060000     0.700000     0.095000     0.225000       0.051293 8.707141e-03
  2   0.1000     0.095000     0.225000     0.106250    -0.306250       0.072340 2.266000e-02
  3   0.1500     0.106250    -0.306250     0.090937    -0.760938       0.073060 3.318977e-02
  4   0.2000     0.090937    -0.760938     0.052891    -1.025391       0.057794 3.314367e-02
  5   0.2500     0.052891    -1.025391     0.001621    -1.033496       0.033384 1.950638e-02
  6   0.3000     0.001621    -1.033496    -0.050054    -0.783228       0.007142 -5.520789e-03
  7   0.3500    -0.050054    -0.783228    -0.089215    -0.337152      -0.014843 -3.521085e-02
  8   0.4000    -0.089215    -0.337152    -0.106073     0.193211      -0.028749 -6.046595e-02
  9   0.4500    -0.106073     0.193211    -0.096412     0.675272      -0.033351 -7.272138e-02
 10   0.5000    -0.096412     0.675272    -0.062649     0.988515      -0.029710 -6.670165e-02
 11   0.5500    -0.062649     0.988515    -0.013223     1.054629      -0.020439 -4.220984e-02
 12   0.6000    -0.013223     1.054629     0.039509     0.857085      -0.008790 -4.432696e-03
 13   0.6500     0.039509     0.857085     0.082363     0.445271       0.002186 3.732257e-02
 14   0.7000     0.082363     0.445271     0.104626    -0.077861       0.010261 7.210218e-02
 15   0.7500     0.104626    -0.077861     0.100733    -0.581528       0.014326 9.029998e-02
 16   0.8000     0.100733    -0.581528     0.071657    -0.939813       0.014389 8.634412e-02
 17   0.8500     0.071657    -0.939813     0.024666    -1.063145       0.011321 6.033600e-02
 18   0.9000     0.024666    -1.063145    -0.028491    -0.920690       0.006479 1.818744e-02
 19   0.9500    -0.028491    -0.920690    -0.074525    -0.548063       0.001304 -2.979523e-02
 20   1.0000    -0.074525    -0.548063    -0.101929    -0.038420      -0.003008 -7.151721e-02
 21   1.0500    -0.101929    -0.038420    -0.103850     0.480828      -0.005715 -9.621345e-02
 22   1.1000    -0.103850     0.480828    -0.079808     0.879869      -0.006585 -9.726440e-02
 23   1.1500    -0.079808     0.879869    -0.035815     1.058942      -0.005836 -7.397198e-02
 24   1.2000    -0.035815     1.058942     0.017132     0.973281      -0.003989 -3.182616e-02
 25   1.2500     0.017132     0.973281     0.065796     0.644299      -0.001686 1.881797e-02
 26   1.3000     0.065796     0.644299     0.098011     0.154242       0.000473 6.532327e-02
 27   1.3500     0.098011     0.154242     0.105723    -0.374375       0.002052 9.595948e-02
 28   1.4000     0.105723    -0.374375     0.087005    -0.809399       0.002837 1.028866e-01
 29   1.4500     0.087005    -0.809399     0.046535    -1.042072       0.002834 8.417100e-02
 30   1.5000     0.046535    -1.042072    -0.005569    -1.014228       0.002217 4.431743e-02
 31   1.5500    -0.005569    -1.014228    -0.056280    -0.732827       0.001257 -6.825821e-03
 32   1.6000    -0.056280    -0.732827    -0.092922    -0.268219       0.000237 -5.651699e-02
 33   1.6500    -0.092922    -0.268219    -0.106333     0.263444      -0.000609 -9.231248e-02
 34   1.7000    -0.106333     0.263444    -0.093160     0.729246      -0.001136 -1.051966e-01
 35   1.7500    -0.093160     0.729246    -0.056698     1.012736      -0.001300 -9.186024e-02
 36   1.8000    -0.056698     1.012736    -0.006061     1.043042      -0.001146 -5.555173e-02
 37   1.8500    -0.006061     1.043042     0.046091     0.812588      -0.000778 -5.283027e-03
 38   1.9000     0.046091     0.812588     0.086720     0.378987      -0.000323 4.641382e-02
 39   1.9500     0.086720     0.378987     0.105670    -0.149361       0.000102 8.661869e-02
