  n        t          u^n          v^n      u^(n+1)      v^(n+1)           y(t)        error
  0   0.0000     0.010000     1.000000     0.110000     0.443750       0.010000 -8.673617e-18
  1   0.1000     0.110000     0.443750     0.154375     0.130937       0.085862 2.413773e-02
  2   0.2000     0.154375     0.130937     0.167469    -0.037563       0.125525 2.885040e-02
  3   0.3000     0.167469    -0.037563     0.163712    -0.121571       0.142405 2.506424e-02
  4   0.4000     0.163712    -0.121571     0.151555    -0.157027       0.145333 1.837967e-02
  5   0.5000     0.151555    -0.157027     0.135853    -0.165384       0.140072 1.148365e-02
  6   0.6000     0.135853    -0.165384     0.119314    -0.159331       0.130337 5.515292e-03
  7   0.7000     0.119314    -0.159331     0.103381    -0.146270       0.118488 8.265221e-04
  8   0.8000     0.103381    -0.146270     0.088754    -0.130435       0.105984 -2.603188e-03
  9   0.9000     0.088754    -0.130435     0.075711    -0.114167       0.093702 -4.947658e-03
 10   1.0000     0.075711    -0.114167     0.064294    -0.098694       0.082134 -6.423404e-03
 11   1.1000     0.064294    -0.098694     0.054424    -0.084596       0.071532 -7.238011e-03
 12   1.2000     0.054424    -0.084596     0.045965    -0.072084       0.061994 -7.569526e-03
 13   1.3000     0.045965    -0.072084     0.038757    -0.061166       0.053526 -7.561356e-03
 14   1.4000     0.038757    -0.061166     0.032640    -0.051747       0.046081 -7.324316e-03
 15   1.5000     0.032640    -0.051747     0.027465    -0.043686       0.039581 -6.941430e-03
 16   1.6000     0.027465    -0.043686     0.023097    -0.036825       0.033939 -6.473317e-03
 17   1.7000     0.023097    -0.036825     0.019414    -0.031006       0.029060 -5.963182e-03
 18   1.8000     0.019414    -0.031006     0.016313    -0.026087       0.024855 -5.441046e-03
 19   1.9000     0.016313    -0.026087     0.013705    -0.021935       0.021241 -4.927142e-03
