  n        t          u^n          v^n      u^(n+1)      v^(n+1)           y(t)        error
  0   0.0000     0.010000     1.000000     0.104998     0.904702       0.010000 0.000000e+00
  1   0.1000     0.104998     0.904702     0.190918     0.818031       0.072340 3.265750e-02
  2   0.2000     0.190918     0.818031     0.268583     0.739207       0.057794 1.331242e-01
  3   0.3000     0.268583     0.739207     0.338741     0.667521       0.007142 2.614413e-01
  4   0.4000     0.338741     0.667521     0.402071     0.602331      -0.028749 3.674898e-01
  5   0.5000     0.402071     0.602331     0.459191     0.543049      -0.029710 4.317810e-01
  6   0.6000     0.459191     0.543049     0.510666     0.489142      -0.008790 4.679815e-01
  7   0.7000     0.510666     0.489142     0.557007     0.440126       0.010261 5.004056e-01
  8   0.8000     0.557007     0.440126     0.598680     0.395558       0.014389 5.426179e-01
  9   0.9000     0.598680     0.395558     0.636108     0.355038       0.006479 5.922010e-01
 10   1.0000     0.636108     0.355038     0.669678     0.318199      -0.003008 6.391165e-01
 11   1.1000     0.669678     0.318199     0.699739     0.284709      -0.006585 6.762630e-01
 12   1.2000     0.699739     0.284709     0.726612     0.254267      -0.003989 7.037278e-01
 13   1.3000     0.726612     0.254267     0.750585     0.226597       0.000473 7.261386e-01
 14   1.4000     0.750585     0.226597     0.771924     0.201448       0.002837 7.477485e-01
 15   1.5000     0.771924     0.201448     0.790869     0.178593       0.002217 7.697071e-01
 16   1.6000     0.790869     0.178593     0.807638     0.157826       0.000237 7.906323e-01
 17   1.7000     0.807638     0.157826     0.822429     0.138957      -0.001136 8.087736e-01
 18   1.8000     0.822429     0.138957     0.835425     0.121814      -0.001146 8.235755e-01
 19   1.9000     0.835425     0.121814     0.846788     0.106243      -0.000323 8.357475e-01
