  n        t          u^n          v^n      u^(n+1)      v^(n+1)           y(t)        error
  0   0.0000     0.010000     1.000000     0.034687     0.975285       0.010000 -8.673617e-18
  1   0.0250     0.034687     0.975285     0.058764     0.951149       0.034690 -2.380010e-06
  2   0.0500     0.058764     0.951149     0.082245     0.927580       0.058769 -4.646588e-06
  3   0.0750     0.082245     0.927580     0.105143     0.904565       0.082252 -6.803744e-06
  4   0.1000     0.105143     0.904565     0.127473     0.882089       0.105152 -8.855359e-06
  5   0.1250     0.127473     0.882089     0.149247     0.860142       0.127484 -1.080520e-05
  6   0.1500     0.149247     0.860142     0.170480     0.838709       0.149260 -1.265689e-05
  7   0.1750     0.170480     0.838709     0.191183     0.817780       0.170494 -1.441398e-05
  8   0.2000     0.191183     0.817780     0.211369     0.797342       0.191199 -1.607988e-05
  9   0.2250     0.211369     0.797342     0.231050     0.777384       0.211386 -1.765789e-05
 10   0.2500     0.231050     0.777384     0.250238     0.757895       0.231069 -1.915123e-05
 11   0.2750     0.250238     0.757895     0.268945     0.738864       0.250258 -2.056298e-05
 12   0.3000     0.268945     0.738864     0.287181     0.720280       0.268966 -2.189615e-05
 13   0.3250     0.287181     0.720280     0.304959     0.702132       0.287204 -2.315366e-05
 14   0.3500     0.304959     0.702132     0.322288     0.684411       0.304983 -2.433831e-05
 15   0.3750     0.322288     0.684411     0.339179     0.667106       0.322313 -2.545283e-05
 16   0.4000     0.339179     0.667106     0.355643     0.650208       0.339205 -2.649985e-05
 17   0.4250     0.355643     0.650208     0.371689     0.633707       0.355670 -2.748193e-05
 18   0.4500     0.371689     0.633707     0.387328     0.617593       0.371718 -2.840153e-05
 19   0.4750     0.387328     0.617593     0.402569     0.601859       0.387357 -2.926105e-05
 20   0.5000     0.402569     0.601859     0.417421     0.586494       0.402599 -3.006279e-05
 21   0.5250     0.417421     0.586494     0.431894     0.571491       0.417452 -3.080899e-05
 22   0.5500     0.431894     0.571491     0.445995     0.556840       0.431925 -3.150181e-05
 23   0.5750     0.445995     0.556840     0.459736     0.542534       0.446028 -3.214334e-05
 24   0.6000     0.459736     0.542534     0.473122     0.528564       0.459768 -3.273562e-05
 25   0.6250     0.473122     0.528564     0.486164     0.514923       0.473155 -3.328058e-05
 26   0.6500     0.486164     0.514923     0.498868     0.501602       0.486197 -3.378014e-05
 27   0.6750     0.498868     0.501602     0.511244     0.488595       0.498902 -3.423611e-05
 28   0.7000     0.511244     0.488595     0.523298     0.475894       0.511278 -3.465027e-05
 29   0.7250     0.523298     0.475894     0.535038     0.463492       0.523333 -3.502432e-05
 30   0.7500     0.535038     0.463492     0.546473     0.451382       0.535074 -3.535992e-05
 31   0.7750     0.546473     0.451382     0.557607     0.439557       0.546508 -3.565866e-05
 32   0.8000     0.557607     0.439557     0.568450     0.428010       0.557643 -3.592209e-05
 33   0.8250     0.568450     0.428010     0.579008     0.416736       0.568486 -3.615170e-05
 34   0.8500     0.579008     0.416736     0.589287     0.405726       0.579044 -3.634893e-05
 35   0.8750     0.589287     0.405726     0.599294     0.394976       0.589324 -3.651518e-05
 36   0.9000     0.599294     0.394976     0.609036     0.384479       0.599331 -3.665178e-05
 37   0.9250     0.609036     0.384479     0.618518     0.374230       0.609073 -3.676004e-05
 38   0.9500     0.618518     0.374230     0.627747     0.364221       0.618555 -3.684121e-05
 39   0.9750     0.627747     0.364221     0.636729     0.354449       0.627784 -3.689650e-05
 40   1.0000     0.636729     0.354449     0.645470     0.344907       0.636766 -3.692708e-05
 41   1.0250     0.645470     0.344907     0.653975     0.335590       0.645507 -3.693408e-05
 42   1.0500     0.653975     0.335590     0.662249     0.326493       0.654011 -3.691859e-05
 43   1.0750     0.662249     0.326493     0.670299     0.317610       0.662286 -3.688166e-05
 44   1.1000     0.670299     0.317610     0.678130     0.308937       0.670336 -3.682431e-05
 45   1.1250     0.678130     0.308937     0.685746     0.300468       0.678166 -3.674751e-05
 46   1.1500     0.685746     0.300468     0.693153     0.292199       0.685783 -3.665220e-05
 47   1.1750     0.693153     0.292199     0.700356     0.284125       0.693190 -3.653930e-05
 48   1.2000     0.700356     0.284125     0.707359     0.276242       0.700392 -3.640969e-05
 49   1.2250     0.707359     0.276242     0.714168     0.268545       0.707395 -3.626420e-05
 50   1.2500     0.714168     0.268545     0.720786     0.261029       0.714204 -3.610367e-05
 51   1.2750     0.720786     0.261029     0.727219     0.253691       0.720822 -3.592887e-05
 52   1.3000     0.727219     0.253691     0.733471     0.246527       0.727255 -3.574056e-05
 53   1.3250     0.733471     0.246527     0.739546     0.239531       0.733506 -3.553948e-05
 54   1.3500     0.739546     0.239531     0.745447     0.232701       0.739581 -3.532632e-05
 55   1.3750     0.745447     0.232701     0.751181     0.226033       0.745483 -3.510176e-05
 56   1.4000     0.751181     0.226033     0.756749     0.219522       0.751216 -3.486646e-05
 57   1.4250     0.756749     0.219522     0.762157     0.213165       0.756784 -3.462105e-05
 58   1.4500     0.762157     0.213165     0.767407     0.206958       0.762191 -3.436612e-05
 59   1.4750     0.767407     0.206958     0.772505     0.200898       0.767441 -3.410227e-05
 60   1.5000     0.772505     0.200898     0.777452     0.194982       0.772538 -3.383004e-05
 61   1.5250     0.777452     0.194982     0.782254     0.189206       0.777486 -3.354999e-05
 62   1.5500     0.782254     0.189206     0.786912     0.183566       0.782287 -3.326262e-05
 63   1.5750     0.786912     0.183566     0.791432     0.178060       0.786945 -3.296844e-05
 64   1.6000     0.791432     0.178060     0.795815     0.172684       0.791465 -3.266792e-05
 65   1.6250     0.795815     0.172684     0.800066     0.167436       0.795848 -3.236152e-05
 66   1.6500     0.800066     0.167436     0.804187     0.162312       0.800098 -3.204970e-05
 67   1.6750     0.804187     0.162312     0.808182     0.157310       0.804219 -3.173286e-05
 68   1.7000     0.808182     0.157310     0.812053     0.152426       0.808213 -3.141142e-05
 69   1.7250     0.812053     0.152426     0.815803     0.147659       0.812084 -3.108577e-05
 70   1.7500     0.815803     0.147659     0.819436     0.143004       0.815834 -3.075628e-05
 71   1.7750     0.819436     0.143004     0.822953     0.138460       0.819466 -3.042332e-05
 72   1.8000     0.822953     0.138460     0.826359     0.134024       0.822983 -3.008722e-05
 73   1.8250     0.826359     0.134024     0.829654     0.129693       0.826388 -2.974833e-05
 74   1.8500     0.829654     0.129693     0.832843     0.125465       0.829684 -2.940696e-05
 75   1.8750     0.832843     0.125465     0.835928     0.121338       0.832872 -2.906341e-05
 76   1.9000     0.835928     0.121338     0.838910     0.117308       0.835956 -2.871798e-05
 77   1.9250     0.838910     0.117308     0.841793     0.113375       0.838938 -2.837093e-05
 78   1.9500     0.841793     0.113375     0.844579     0.109535       0.841821 -2.802255e-05
 79   1.9750     0.844579     0.109535     0.847270     0.105787       0.844606 -2.767308e-05
 80   2.0000     0.847270     0.105787     0.849868     0.102128       0.847297 -2.732277e-05
 81   2.0250     0.849868     0.102128     0.852376     0.098556       0.849895 -2.697185e-05
 82   2.0500     0.852376     0.098556     0.854796     0.095069       0.852403 -2.662054e-05
 83   2.0750     0.854796     0.095069     0.857130     0.091665       0.854822 -2.626906e-05
 84   2.1000     0.857130     0.091665     0.859379     0.088343       0.857155 -2.591761e-05
 85   2.1250     0.859379     0.088343     0.861547     0.085100       0.859405 -2.556639e-05
 86   2.1500     0.861547     0.085100     0.863634     0.081934       0.861572 -2.521557e-05
 87   2.1750     0.863634     0.081934     0.865643     0.078844       0.863659 -2.486533e-05
 88   2.2000     0.865643     0.078844     0.867576     0.075828       0.865668 -2.451584e-05
 89   2.2250     0.867576     0.075828     0.869435     0.072884       0.867600 -2.416726e-05
 90   2.2500     0.869435     0.072884     0.871220     0.070010       0.869459 -2.381974e-05
 91   2.2750     0.871220     0.070010     0.872935     0.067205       0.871244 -2.347343e-05
 92   2.3000     0.872935     0.067205     0.874581     0.064467       0.872958 -2.312845e-05
 93   2.3250     0.874581     0.064467     0.876159     0.061795       0.874603 -2.278494e-05
 94   2.3500     0.876159     0.061795     0.877670     0.059187       0.876181 -2.244303e-05
 95   2.3750     0.877670     0.059187     0.879118     0.056642       0.877693 -2.210282e-05
 96   2.4000     0.879118     0.056642     0.880503     0.054157       0.879140 -2.176443e-05
 97   2.4250     0.880503     0.054157     0.881826     0.051733       0.880524 -2.142796e-05
 98   2.4500     0.881826     0.051733     0.883089     0.049366       0.881847 -2.109350e-05
 99   2.4750     0.883089     0.049366     0.884294     0.047057       0.883110 -2.076116e-05
100   2.5000     0.884294     0.047057     0.885442     0.044803       0.884315 -2.043102e-05
101   2.5250     0.885442     0.044803     0.886534     0.042603       0.885462 -2.010315e-05
102   2.5500     0.886534     0.042603     0.887572     0.040456       0.886554 -1.977763e-05
103   2.5750     0.887572     0.040456     0.888557     0.038361       0.887592 -1.945455e-05
104   2.6000     0.888557     0.038361     0.889490     0.036317       0.888576 -1.913395e-05
105   2.6250     0.889490     0.036317     0.890373     0.034322       0.889509 -1.881591e-05
106   2.6500     0.890373     0.034322     0.891206     0.032375       0.890391 -1.850049e-05
107   2.6750     0.891206     0.032375     0.891992     0.030475       0.891224 -1.818773e-05
108   2.7000     0.891992     0.030475     0.892730     0.028621       0.892009 -1.787769e-05
109   2.7250     0.892730     0.028621     0.893423     0.026812       0.892748 -1.757042e-05
110   2.7500     0.893423     0.026812     0.894071     0.025047       0.893440 -1.726595e-05
111   2.7750     0.894071     0.025047     0.894675     0.023324       0.894088 -1.696433e-05
112   2.8000     0.894675     0.023324     0.895237     0.021644       0.894692 -1.666559e-05
113   2.8250     0.895237     0.021644     0.895757     0.020004       0.895253 -1.636977e-05
114   2.8500     0.895757     0.020004     0.896237     0.018404       0.895773 -1.607689e-05
115   2.8750     0.896237     0.018404     0.896677     0.016843       0.896253 -1.578697e-05
116   2.9000     0.896677     0.016843     0.897079     0.015320       0.896693 -1.550006e-05
117   2.9250     0.897079     0.015320     0.897443     0.013835       0.897094 -1.521615e-05
118   2.9500     0.897443     0.013835     0.897771     0.012385       0.897458 -1.493528e-05
119   2.9750     0.897771     0.012385     0.898063     0.010971       0.897786 -1.465746e-05
120   3.0000     0.898063     0.010971     0.898319     0.009591       0.898077 -1.438270e-05
121   3.0250     0.898319     0.009591     0.898542     0.008246       0.898334 -1.411101e-05
122   3.0500     0.898542     0.008246     0.898732     0.006933       0.898556 -1.384241e-05
123   3.0750     0.898732     0.006933     0.898889     0.005652       0.898745 -1.357689e-05
124   3.1000     0.898889     0.005652     0.899014     0.004403       0.898902 -1.331447e-05
125   3.1250     0.899014     0.004403     0.899109     0.003184       0.899027 -1.305514e-05
126   3.1500     0.899109     0.003184     0.899173     0.001996       0.899122 -1.279891e-05
127   3.1750     0.899173     0.001996     0.899209     0.000837       0.899186 -1.254578e-05
128   3.2000     0.899209     0.000837     0.899215    -0.000294       0.899221 -1.229574e-05
129   3.2250     0.899215    -0.000294     0.899194    -0.001397       0.899227 -1.204879e-05
130   3.2500     0.899194    -0.001397     0.899145    -0.002472       0.899206 -1.180492e-05
131   3.2750     0.899145    -0.002472     0.899070    -0.003521       0.899157 -1.156413e-05
132   3.3000     0.899070    -0.003521     0.898969    -0.004544       0.899082 -1.132641e-05
133   3.3250     0.898969    -0.004544     0.898843    -0.005541       0.898981 -1.109175e-05
134   3.3500     0.898843    -0.005541     0.898692    -0.006514       0.898854 -1.086014e-05
135   3.3750     0.898692    -0.006514     0.898518    -0.007462       0.898703 -1.063156e-05
136   3.4000     0.898518    -0.007462     0.898319    -0.008387       0.898528 -1.040601e-05
137   3.4250     0.898319    -0.008387     0.898098    -0.009289       0.898329 -1.018347e-05
138   3.4500     0.898098    -0.009289     0.897855    -0.010168       0.898108 -9.963920e-06
139   3.4750     0.897855    -0.010168     0.897590    -0.011025       0.897865 -9.747350e-06
140   3.5000     0.897590    -0.011025     0.897304    -0.011860       0.897599 -9.533741e-06
141   3.5250     0.897304    -0.011860     0.896997    -0.012675       0.897313 -9.323074e-06
142   3.5500     0.896997    -0.012675     0.896670    -0.013469       0.897006 -9.115332e-06
143   3.5750     0.896670    -0.013469     0.896323    -0.014243       0.896679 -8.910496e-06
144   3.6000     0.896323    -0.014243     0.895958    -0.014998       0.896332 -8.708544e-06
145   3.6250     0.895958    -0.014998     0.895573    -0.015733       0.895966 -8.509457e-06
146   3.6500     0.895573    -0.015733     0.895171    -0.016450       0.895582 -8.313212e-06
147   3.6750     0.895171    -0.016450     0.894751    -0.017149       0.895179 -8.119789e-06
148   3.7000     0.894751    -0.017149     0.894314    -0.017830       0.894759 -7.929164e-06
149   3.7250     0.894314    -0.017830     0.893859    -0.018493       0.894321 -7.741315e-06
150   3.7500     0.893859    -0.018493     0.893389    -0.019140       0.893867 -7.556219e-06
151   3.7750     0.893389    -0.019140     0.892902    -0.019770       0.893396 -7.373850e-06
152   3.8000     0.892902    -0.019770     0.892400    -0.020383       0.892910 -7.194187e-06
153   3.8250     0.892400    -0.020383     0.891883    -0.020981       0.892407 -7.017202e-06
154   3.8500     0.891883    -0.020981     0.891351    -0.021564       0.891890 -6.842873e-06
155   3.8750     0.891351    -0.021564     0.890805    -0.022132       0.891358 -6.671173e-06
156   3.9000     0.890805    -0.022132     0.890245    -0.022684       0.890812 -6.502077e-06
157   3.9250     0.890245    -0.022684     0.889671    -0.023223       0.890251 -6.335559e-06
158   3.9500     0.889671    -0.023223     0.889084    -0.023747       0.889677 -6.171593e-06
159   3.9750     0.889084    -0.023747     0.888483    -0.024258       0.889090 -6.010154e-06
160   4.0000     0.888483    -0.024258     0.887871    -0.024756       0.888489 -5.851214e-06
161   4.0250     0.887871    -0.024756     0.887246    -0.025240       0.887876 -5.694748e-06
162   4.0500     0.887246    -0.025240     0.886609    -0.025712       0.887251 -5.540729e-06
163   4.0750     0.886609    -0.025712     0.885960    -0.026171       0.886614 -5.389129e-06
164   4.1000     0.885960    -0.026171     0.885300    -0.026618       0.885965 -5.239922e-06
165   4.1250     0.885300    -0.026618     0.884629    -0.027053       0.885305 -5.093082e-06
166   4.1500     0.884629    -0.027053     0.883947    -0.027477       0.884634 -4.948580e-06
167   4.1750     0.883947    -0.027477     0.883255    -0.027889       0.883952 -4.806391e-06
168   4.2000     0.883255    -0.027889     0.882553    -0.028291       0.883260 -4.666487e-06
169   4.2250     0.882553    -0.028291     0.881841    -0.028681       0.882558 -4.528842e-06
170   4.2500     0.881841    -0.028681     0.881119    -0.029061       0.881845 -4.393427e-06
171   4.2750     0.881119    -0.029061     0.880388    -0.029431       0.881123 -4.260217e-06
172   4.3000     0.880388    -0.029431     0.879647    -0.029791       0.880392 -4.129184e-06
173   4.3250     0.879647    -0.029791     0.878898    -0.030141       0.879651 -4.000301e-06
174   4.3500     0.878898    -0.030141     0.878140    -0.030481       0.878902 -3.873542e-06
175   4.3750     0.878140    -0.030481     0.877374    -0.030812       0.878144 -3.748879e-06
176   4.4000     0.877374    -0.030812     0.876600    -0.031134       0.877378 -3.626287e-06
177   4.4250     0.876600    -0.031134     0.875817    -0.031447       0.876603 -3.505738e-06
178   4.4500     0.875817    -0.031447     0.875027    -0.031751       0.875821 -3.387206e-06
179   4.4750     0.875027    -0.031751     0.874230    -0.032047       0.875031 -3.270665e-06
180   4.5000     0.874230    -0.032047     0.873425    -0.032334       0.874233 -3.156089e-06
181   4.5250     0.873425    -0.032334     0.872613    -0.032614       0.873428 -3.043451e-06
182   4.5500     0.872613    -0.032614     0.871794    -0.032885       0.872616 -2.932725e-06
183   4.5750     0.871794    -0.032885     0.870969    -0.033149       0.871797 -2.823886e-06
184   4.6000     0.870969    -0.033149     0.870137    -0.033405       0.870972 -2.716908e-06
185   4.6250     0.870137    -0.033405     0.869299    -0.033654       0.870140 -2.611766e-06
186   4.6500     0.869299    -0.033654     0.868454    -0.033896       0.869301 -2.508434e-06
187   4.6750     0.868454    -0.033896     0.867604    -0.034130       0.868457 -2.406887e-06
188   4.7000     0.867604    -0.034130     0.866748    -0.034358       0.867606 -2.307100e-06
189   4.7250     0.866748    -0.034358     0.865886    -0.034579       0.866750 -2.209049e-06
190   4.7500     0.865886    -0.034579     0.865019    -0.034794       0.865888 -2.112709e-06
191   4.7750     0.865019    -0.034794     0.864146    -0.035002       0.865021 -2.018055e-06
192   4.8000     0.864146    -0.035002     0.863269    -0.035204       0.864148 -1.925063e-06
193   4.8250     0.863269    -0.035204     0.862386    -0.035400       0.863271 -1.833710e-06
194   4.8500     0.862386    -0.035400     0.861499    -0.035590       0.862388 -1.743972e-06
195   4.8750     0.861499    -0.035590     0.860607    -0.035774       0.861500 -1.655825e-06
196   4.9000     0.860607    -0.035774     0.859710    -0.035953       0.860608 -1.569245e-06
197   4.9250     0.859710    -0.035953     0.858809    -0.036126       0.859711 -1.484210e-06
198   4.9500     0.858809    -0.036126     0.857904    -0.036294       0.858810 -1.400697e-06
199   4.9750     0.857904    -0.036294     0.856994    -0.036456       0.857905 -1.318683e-06
200   5.0000     0.856994    -0.036456     0.856081    -0.036613       0.856996 -1.238146e-06
201   5.0250     0.856081    -0.036613     0.855164    -0.036766       0.856082 -1.159063e-06
202   5.0500     0.855164    -0.036766     0.854243    -0.036913       0.855165 -1.081413e-06
203   5.0750     0.854243    -0.036913     0.853318    -0.037055       0.854244 -1.005173e-06
204   5.1000     0.853318    -0.037055     0.852390    -0.037193       0.853319 -9.303230e-07
205   5.1250     0.852390    -0.037193     0.851458    -0.037327       0.852391 -8.568406e-07
206   5.1500     0.851458    -0.037327     0.850523    -0.037456       0.851459 -7.847050e-07
207   5.1750     0.850523    -0.037456     0.849586    -0.037580       0.850524 -7.138955e-07
208   5.2000     0.849586    -0.037580     0.848644    -0.037701       0.849586 -6.443914e-07
209   5.2250     0.848644    -0.037701     0.847700    -0.037817       0.848645 -5.761725e-07
210   5.2500     0.847700    -0.037817     0.846754    -0.037929       0.847701 -5.092185e-07
211   5.2750     0.846754    -0.037929     0.845804    -0.038037       0.846754 -4.435097e-07
212   5.3000     0.845804    -0.038037     0.844852    -0.038142       0.845804 -3.790262e-07
213   5.3250     0.844852    -0.038142     0.843897    -0.038242       0.844852 -3.157489e-07
214   5.3500     0.843897    -0.038242     0.842940    -0.038339       0.843897 -2.536584e-07
215   5.3750     0.842940    -0.038339     0.841980    -0.038433       0.842940 -1.927358e-07
216   5.4000     0.841980    -0.038433     0.841018    -0.038523       0.841980 -1.329624e-07
217   5.4250     0.841018    -0.038523     0.840054    -0.038609       0.841018 -7.431980e-08
218   5.4500     0.840054    -0.038609     0.839088    -0.038692       0.840054 -1.678967e-08
219   5.4750     0.839088    -0.038692     0.838119    -0.038772       0.839088 3.964597e-08
220   5.5000     0.838119    -0.038772     0.837149    -0.038849       0.838119 9.500490e-08
221   5.5250     0.837149    -0.038849     0.836177    -0.038923       0.837149 1.493047e-07
222   5.5500     0.836177    -0.038923     0.835203    -0.038993       0.836177 2.025626e-07
223   5.5750     0.835203    -0.038993     0.834227    -0.039061       0.835203 2.547958e-07
224   5.6000     0.834227    -0.039061     0.833250    -0.039126       0.834227 3.060210e-07
225   5.6250     0.833250    -0.039126     0.832271    -0.039188       0.833249 3.562551e-07
226   5.6500     0.832271    -0.039188     0.831290    -0.039247       0.832270 4.055143e-07
227   5.6750     0.831290    -0.039247     0.830308    -0.039304       0.831290 4.538148e-07
228   5.7000     0.830308    -0.039304     0.829325    -0.039358       0.830308 5.011727e-07
229   5.7250     0.829325    -0.039358     0.828341    -0.039409       0.829325 5.476036e-07
230   5.7500     0.828341    -0.039409     0.827355    -0.039458       0.828340 5.931231e-07
231   5.7750     0.827355    -0.039458     0.826368    -0.039505       0.827354 6.377466e-07
232   5.8000     0.826368    -0.039505     0.825379    -0.039549       0.826367 6.814891e-07
233   5.8250     0.825379    -0.039549     0.824390    -0.039591       0.825379 7.243654e-07
234   5.8500     0.824390    -0.039591     0.823400    -0.039630       0.824389 7.663904e-07
235   5.8750     0.823400    -0.039630     0.822409    -0.039668       0.823399 8.075784e-07
236   5.9000     0.822409    -0.039668     0.821417    -0.039703       0.822408 8.479436e-07
237   5.9250     0.821417    -0.039703     0.820424    -0.039736       0.821416 8.875002e-07
238   5.9500     0.820424    -0.039736     0.819430    -0.039767       0.820423 9.262620e-07
239   5.9750     0.819430    -0.039767     0.818435    -0.039796       0.819429 9.642426e-07
240   6.0000     0.818435    -0.039796     0.817440    -0.039823       0.818434 1.001456e-06
241   6.0250     0.817440    -0.039823     0.816444    -0.039849       0.817439 1.037914e-06
242   6.0500     0.816444    -0.039849     0.815448    -0.039872       0.816443 1.073631e-06
243   6.0750     0.815448    -0.039872     0.814450    -0.039894       0.815446 1.108619e-06
244   6.1000     0.814450    -0.039894     0.813453    -0.039914       0.814449 1.142892e-06
245   6.1250     0.813453    -0.039914     0.812455    -0.039932       0.813452 1.176460e-06
246   6.1500     0.812455    -0.039932     0.811456    -0.039948       0.812454 1.209338e-06
247   6.1750     0.811456    -0.039948     0.810457    -0.039963       0.811455 1.241537e-06
248   6.2000     0.810457    -0.039963     0.809458    -0.039976       0.810456 1.273068e-06
249   6.2250     0.809458    -0.039976     0.808459    -0.039988       0.809457 1.303944e-06
250   6.2500     0.808459    -0.039988     0.807459    -0.039998       0.808457 1.334176e-06
251   6.2750     0.807459    -0.039998     0.806459    -0.040006       0.807457 1.363775e-06
252   6.3000     0.806459    -0.040006     0.805458    -0.040014       0.806457 1.392753e-06
253   6.3250     0.805458    -0.040014     0.804458    -0.040019       0.805457 1.421121e-06
254   6.3500     0.804458    -0.040019     0.803457    -0.040024       0.804457 1.448889e-06
255   6.3750     0.803457    -0.040024     0.802457    -0.040027       0.803456 1.476068e-06
256   6.4000     0.802457    -0.040027     0.801456    -0.040029       0.802455 1.502668e-06
257   6.4250     0.801456    -0.040029     0.800455    -0.040029       0.801455 1.528701e-06
258   6.4500     0.800455    -0.040029     0.799455    -0.040028       0.800454 1.554176e-06
259   6.4750     0.799455    -0.040028     0.798454    -0.040026       0.799453 1.579103e-06
260   6.5000     0.798454    -0.040026     0.797453    -0.040023       0.798452 1.603492e-06
261   6.5250     0.797453    -0.040023     0.796453    -0.040019       0.797452 1.627352e-06
262   6.5500     0.796453    -0.040019     0.795452    -0.040013       0.796451 1.650694e-06
263   6.5750     0.795452    -0.040013     0.794452    -0.040007       0.795451 1.673526e-06
264   6.6000     0.794452    -0.040007     0.793452    -0.039999       0.794450 1.695858e-06
265   6.6250     0.793452    -0.039999     0.792452    -0.039990       0.793450 1.717699e-06
266   6.6500     0.792452    -0.039990     0.791453    -0.039981       0.792450 1.739057e-06
267   6.6750     0.791453    -0.039981     0.790453    -0.039970       0.791451 1.759943e-06
268   6.7000     0.790453    -0.039970     0.789454    -0.039958       0.790451 1.780363e-06
269   6.7250     0.789454    -0.039958     0.788455    -0.039946       0.789452 1.800327e-06
270   6.7500     0.788455    -0.039946     0.787457    -0.039932       0.788453 1.819843e-06
271   6.7750     0.787457    -0.039932     0.786459    -0.039918       0.787455 1.838919e-06
272   6.8000     0.786459    -0.039918     0.785461    -0.039902       0.786457 1.857564e-06
273   6.8250     0.785461    -0.039902     0.784463    -0.039886       0.785459 1.875784e-06
274   6.8500     0.784463    -0.039886     0.783467    -0.039869       0.784462 1.893589e-06
275   6.8750     0.783467    -0.039869     0.782470    -0.039852       0.783465 1.910986e-06
276   6.9000     0.782470    -0.039852     0.781474    -0.039833       0.782468 1.927982e-06
277   6.9250     0.781474    -0.039833     0.780478    -0.039814       0.781472 1.944584e-06
278   6.9500     0.780478    -0.039814     0.779483    -0.039793       0.780476 1.960801e-06
279   6.9750     0.779483    -0.039793     0.778489    -0.039773       0.779481 1.976638e-06
280   7.0000     0.778489    -0.039773     0.777495    -0.039751       0.778487 1.992104e-06
281   7.0250     0.777495    -0.039751     0.776501    -0.039729       0.777493 2.007205e-06
282   7.0500     0.776501    -0.039729     0.775508    -0.039706       0.776499 2.021948e-06
283   7.0750     0.775508    -0.039706     0.774516    -0.039682       0.775506 2.036340e-06
284   7.1000     0.774516    -0.039682     0.773524    -0.039658       0.774514 2.050387e-06
285   7.1250     0.773524    -0.039658     0.772533    -0.039633       0.773522 2.064095e-06
286   7.1500     0.772533    -0.039633     0.771542    -0.039608       0.772531 2.077472e-06
287   7.1750     0.771542    -0.039608     0.770553    -0.039582       0.771540 2.090522e-06
288   7.2000     0.770553    -0.039582     0.769563    -0.039555       0.770550 2.103253e-06
289   7.2250     0.769563    -0.039555     0.768575    -0.039528       0.769561 2.115671e-06
290   7.2500     0.768575    -0.039528     0.767587    -0.039500       0.768573 2.127781e-06
291   7.2750     0.767587    -0.039500     0.766600    -0.039472       0.767585 2.139589e-06
292   7.3000     0.766600    -0.039472     0.765613    -0.039443       0.766598 2.151101e-06
293   7.3250     0.765613    -0.039443     0.764628    -0.039414       0.765611 2.162323e-06
294   7.3500     0.764628    -0.039414     0.763643    -0.039384       0.764625 2.173260e-06
295   7.3750     0.763643    -0.039384     0.762658    -0.039354       0.763641 2.183917e-06
296   7.4000     0.762658    -0.039354     0.761675    -0.039323       0.762656 2.194300e-06
297   7.4250     0.761675    -0.039323     0.760692    -0.039292       0.761673 2.204413e-06
298   7.4500     0.760692    -0.039292     0.759710    -0.039260       0.760690 2.214263e-06
299   7.4750     0.759710    -0.039260     0.758729    -0.039228       0.759708 2.223855e-06
300   7.5000     0.758729    -0.039228     0.757749    -0.039195       0.758727 2.233192e-06
301   7.5250     0.757749    -0.039195     0.756770    -0.039162       0.757747 2.242281e-06
302   7.5500     0.756770    -0.039162     0.755791    -0.039129       0.756767 2.251125e-06
303   7.5750     0.755791    -0.039129     0.754813    -0.039095       0.755789 2.259730e-06
304   7.6000     0.754813    -0.039095     0.753836    -0.039061       0.754811 2.268100e-06
305   7.6250     0.753836    -0.039061     0.752860    -0.039027       0.753834 2.276239e-06
306   7.6500     0.752860    -0.039027     0.751885    -0.038992       0.752858 2.284153e-06
307   7.6750     0.751885    -0.038992     0.750910    -0.038957       0.751882 2.291846e-06
308   7.7000     0.750910    -0.038957     0.749937    -0.038922       0.750908 2.299321e-06
309   7.7250     0.749937    -0.038922     0.748964    -0.038886       0.749935 2.306583e-06
310   7.7500     0.748964    -0.038886     0.747993    -0.038850       0.748962 2.313636e-06
311   7.7750     0.747993    -0.038850     0.747022    -0.038813       0.747990 2.320484e-06
312   7.8000     0.747022    -0.038813     0.746052    -0.038777       0.747020 2.327132e-06
313   7.8250     0.746052    -0.038777     0.745083    -0.038740       0.746050 2.333583e-06
314   7.8500     0.745083    -0.038740     0.744115    -0.038702       0.745081 2.339840e-06
315   7.8750     0.744115    -0.038702     0.743148    -0.038665       0.744113 2.345909e-06
316   7.9000     0.743148    -0.038665     0.742182    -0.038627       0.743146 2.351792e-06
317   7.9250     0.742182    -0.038627     0.741217    -0.038589       0.742179 2.357493e-06
318   7.9500     0.741217    -0.038589     0.740252    -0.038551       0.741214 2.363015e-06
319   7.9750     0.740252    -0.038551     0.739289    -0.038512       0.740250 2.368363e-06
320   8.0000     0.739289    -0.038512     0.738327    -0.038473       0.739287 2.373539e-06
321   8.0250     0.738327    -0.038473     0.737365    -0.038434       0.738324 2.378548e-06
322   8.0500     0.737365    -0.038434     0.736405    -0.038395       0.737363 2.383392e-06
323   8.0750     0.736405    -0.038395     0.735446    -0.038355       0.736403 2.388074e-06
324   8.1000     0.735446    -0.038355     0.734487    -0.038316       0.735443 2.392598e-06
325   8.1250     0.734487    -0.038316     0.733530    -0.038276       0.734485 2.396967e-06
326   8.1500     0.733530    -0.038276     0.732573    -0.038236       0.733527 2.401184e-06
327   8.1750     0.732573    -0.038236     0.731618    -0.038196       0.732571 2.405252e-06
328   8.2000     0.731618    -0.038196     0.730664    -0.038155       0.731616 2.409174e-06
329   8.2250     0.730664    -0.038155     0.729710    -0.038114       0.730661 2.412952e-06
330   8.2500     0.729710    -0.038114     0.728758    -0.038074       0.729708 2.416591e-06
331   8.2750     0.728758    -0.038074     0.727807    -0.038033       0.728756 2.420092e-06
332   8.3000     0.727807    -0.038033     0.726856    -0.037992       0.727804 2.423458e-06
333   8.3250     0.726856    -0.037992     0.725907    -0.037950       0.726854 2.426693e-06
334   8.3500     0.725907    -0.037950     0.724959    -0.037909       0.725905 2.429798e-06
335   8.3750     0.724959    -0.037909     0.724012    -0.037867       0.724956 2.432776e-06
336   8.4000     0.724012    -0.037867     0.723065    -0.037825       0.724009 2.435630e-06
337   8.4250     0.723065    -0.037825     0.722120    -0.037784       0.723063 2.438362e-06
338   8.4500     0.722120    -0.037784     0.721176    -0.037742       0.722118 2.440975e-06
339   8.4750     0.721176    -0.037742     0.720233    -0.037699       0.721174 2.443471e-06
340   8.5000     0.720233    -0.037699     0.719291    -0.037657       0.720231 2.445853e-06
341   8.5250     0.719291    -0.037657     0.718350    -0.037615       0.719289 2.448123e-06
342   8.5500     0.718350    -0.037615     0.717411    -0.037572       0.718348 2.450282e-06
343   8.5750     0.717411    -0.037572     0.716472    -0.037530       0.717408 2.452334e-06
344   8.6000     0.716472    -0.037530     0.715534    -0.037487       0.716469 2.454281e-06
345   8.6250     0.715534    -0.037487     0.714597    -0.037444       0.715532 2.456124e-06
346   8.6500     0.714597    -0.037444     0.713662    -0.037401       0.714595 2.457866e-06
347   8.6750     0.713662    -0.037401     0.712727    -0.037358       0.713659 2.459509e-06
348   8.7000     0.712727    -0.037358     0.711794    -0.037315       0.712725 2.461055e-06
349   8.7250     0.711794    -0.037315     0.710862    -0.037272       0.711791 2.462506e-06
350   8.7500     0.710862    -0.037272     0.709930    -0.037229       0.710859 2.463864e-06
351   8.7750     0.709930    -0.037229     0.709000    -0.037185       0.709928 2.465130e-06
352   8.8000     0.709000    -0.037185     0.708071    -0.037142       0.708998 2.466307e-06
353   8.8250     0.708071    -0.037142     0.707143    -0.037098       0.708069 2.467397e-06
354   8.8500     0.707143    -0.037098     0.706216    -0.037055       0.707141 2.468401e-06
355   8.8750     0.706216    -0.037055     0.705290    -0.037011       0.706214 2.469320e-06
356   8.9000     0.705290    -0.037011     0.704366    -0.036968       0.705288 2.470158e-06
357   8.9250     0.704366    -0.036968     0.703442    -0.036924       0.704363 2.470915e-06
358   8.9500     0.703442    -0.036924     0.702519    -0.036880       0.703439 2.471594e-06
359   8.9750     0.702519    -0.036880     0.701598    -0.036836       0.702517 2.472195e-06
360   9.0000     0.701598    -0.036836     0.700678    -0.036792       0.701595 2.472720e-06
361   9.0250     0.700678    -0.036792     0.699758    -0.036748       0.700675 2.473172e-06
362   9.0500     0.699758    -0.036748     0.698840    -0.036704       0.699756 2.473551e-06
363   9.0750     0.698840    -0.036704     0.697923    -0.036660       0.698838 2.473860e-06
364   9.1000     0.697923    -0.036660     0.697007    -0.036616       0.697921 2.474098e-06
365   9.1250     0.697007    -0.036616     0.696092    -0.036572       0.697005 2.474269e-06
366   9.1500     0.696092    -0.036572     0.695179    -0.036528       0.696090 2.474373e-06
367   9.1750     0.695179    -0.036528     0.694266    -0.036483       0.695176 2.474413e-06
368   9.2000     0.694266    -0.036483     0.693354    -0.036439       0.694263 2.474388e-06
369   9.2250     0.693354    -0.036439     0.692444    -0.036395       0.693352 2.474301e-06
370   9.2500     0.692444    -0.036395     0.691535    -0.036350       0.692441 2.474153e-06
371   9.2750     0.691535    -0.036350     0.690626    -0.036306       0.691532 2.473945e-06
372   9.3000     0.690626    -0.036306     0.689719    -0.036262       0.690624 2.473679e-06
373   9.3250     0.689719    -0.036262     0.688813    -0.036217       0.689717 2.473355e-06
374   9.3500     0.688813    -0.036217     0.687908    -0.036173       0.688811 2.472975e-06
375   9.3750     0.687908    -0.036173     0.687005    -0.036128       0.687906 2.472540e-06
376   9.4000     0.687005    -0.036128     0.686102    -0.036084       0.687002 2.472052e-06
377   9.4250     0.686102    -0.036084     0.685201    -0.036040       0.686100 2.471511e-06
378   9.4500     0.685201    -0.036040     0.684300    -0.035995       0.685198 2.470919e-06
379   9.4750     0.684300    -0.035995     0.683401    -0.035951       0.684298 2.470277e-06
380   9.5000     0.683401    -0.035951     0.682503    -0.035906       0.683398 2.469585e-06
381   9.5250     0.682503    -0.035906     0.681605    -0.035861       0.682500 2.468845e-06
382   9.5500     0.681605    -0.035861     0.680709    -0.035817       0.681603 2.468058e-06
383   9.5750     0.680709    -0.035817     0.679815    -0.035772       0.680707 2.467225e-06
384   9.6000     0.679815    -0.035772     0.678921    -0.035728       0.679812 2.466347e-06
385   9.6250     0.678921    -0.035728     0.678028    -0.035683       0.678918 2.465425e-06
386   9.6500     0.678028    -0.035683     0.677137    -0.035639       0.678026 2.464459e-06
387   9.6750     0.677137    -0.035639     0.676246    -0.035594       0.677134 2.463452e-06
388   9.7000     0.676246    -0.035594     0.675357    -0.035550       0.676244 2.462403e-06
389   9.7250     0.675357    -0.035550     0.674469    -0.035505       0.675355 2.461314e-06
390   9.7500     0.674469    -0.035505     0.673582    -0.035461       0.674466 2.460186e-06
391   9.7750     0.673582    -0.035461     0.672696    -0.035416       0.673579 2.459019e-06
392   9.8000     0.672696    -0.035416     0.671811    -0.035372       0.672693 2.457814e-06
393   9.8250     0.671811    -0.035372     0.670927    -0.035327       0.671808 2.456572e-06
394   9.8500     0.670927    -0.035327     0.670045    -0.035282       0.670925 2.455295e-06
395   9.8750     0.670045    -0.035282     0.669163    -0.035238       0.670042 2.453982e-06
396   9.9000     0.669163    -0.035238     0.668283    -0.035193       0.669161 2.452634e-06
397   9.9250     0.668283    -0.035193     0.667403    -0.035149       0.668280 2.451253e-06
398   9.9500     0.667403    -0.035149     0.666525    -0.035105       0.667401 2.449839e-06
399   9.9750     0.666525    -0.035105     0.665648    -0.035060       0.666523 2.448393e-06
