  n        t          u^n          v^n      u^(n+1)      v^(n+1)           y(t)        error
  0   0.0000     0.010000     1.000000     0.035000     0.850000       0.010000 0.000000e+00
  1   0.0250     0.035000     0.850000     0.056250     0.656250       0.032958 2.041579e-03
  2   0.0500     0.056250     0.656250     0.072656     0.433594       0.051293 4.957141e-03
  3   0.0750     0.072656     0.433594     0.083496     0.197754       0.064475 8.181182e-03
  4   0.1000     0.083496     0.197754     0.088440    -0.035706       0.072340 1.115609e-02
  5   0.1250     0.088440    -0.035706     0.087547    -0.252342       0.075053 1.338717e-02
  6   0.1500     0.087547    -0.252342     0.081239    -0.439668       0.073060 1.448707e-02
  7   0.1750     0.081239    -0.439668     0.070247    -0.587806       0.067032 1.420702e-02
  8   0.2000     0.070247    -0.587806     0.055552    -0.689948       0.057794 1.245322e-02
  9   0.2250     0.055552    -0.689948     0.038303    -0.742584       0.046264 9.288314e-03
 10   0.2500     0.038303    -0.742584     0.019739    -0.745519       0.033384 4.918955e-03
 11   0.2750     0.019739    -0.745519     0.001101    -0.701676       0.020067 -3.284877e-04
 12   0.3000     0.001101    -0.701676    -0.016441    -0.616718       0.007142 -6.041267e-03
 13   0.3250    -0.016441    -0.616718    -0.031859    -0.498525      -0.004682 -1.175930e-02
 14   0.3500    -0.031859    -0.498525    -0.044322    -0.356561      -0.014843 -1.701636e-02
 15   0.3750    -0.044322    -0.356561    -0.053236    -0.201185      -0.022942 -2.138005e-02
 16   0.4000    -0.053236    -0.201185    -0.058266    -0.042946      -0.028749 -2.448724e-02
 17   0.4250    -0.058266    -0.042946    -0.059340     0.108087      -0.032193 -2.607264e-02
 18   0.4500    -0.059340     0.108087    -0.056637     0.242925      -0.033351 -2.598835e-02
 19   0.4750    -0.056637     0.242925    -0.050564     0.354153      -0.032424 -2.421355e-02
 20   0.5000    -0.050564     0.354153    -0.041711     0.436295      -0.029710 -2.085388e-02
 21   0.5250    -0.041711     0.436295    -0.030803     0.486035      -0.025579 -1.613113e-02
 22   0.5500    -0.030803     0.486035    -0.018652     0.502288      -0.020439 -1.036445e-02
 23   0.5750    -0.018652     0.502288    -0.006095     0.486133      -0.014707 -3.944798e-03
 24   0.6000    -0.006095     0.486133     0.006058     0.440604      -0.008790 2.695030e-03
 25   0.6250     0.006058     0.440604     0.017073     0.370383      -0.003054 9.112536e-03
 26   0.6500     0.017073     0.370383     0.026333     0.281402       0.002186 1.488728e-02
 27   0.6750     0.026333     0.281402     0.033368     0.180394       0.006683 1.965003e-02
 28   0.7000     0.033368     0.180394     0.037878     0.074425       0.010261 2.310722e-02
 29   0.7250     0.037878     0.074425     0.039738    -0.029573       0.012818 2.505934e-02
 30   0.7500     0.039738    -0.029573     0.038999    -0.125222       0.014326 2.541196e-02
 31   0.7750     0.038999    -0.125222     0.035869    -0.207067       0.014820 2.417916e-02
 32   0.8000     0.035869    -0.207067     0.030692    -0.270855       0.014389 2.147929e-02
 33   0.8250     0.030692    -0.270855     0.023920    -0.313728       0.013168 1.752368e-02
 34   0.8500     0.023920    -0.313728     0.016077    -0.334313       0.011321 1.259952e-02
 35   0.8750     0.016077    -0.334313     0.007719    -0.332717       0.009029 7.048159e-03
 36   0.9000     0.007719    -0.332717    -0.000598    -0.310426       0.006479 1.240588e-03
 37   0.9250    -0.000598    -0.310426    -0.008359    -0.270127       0.003850 -4.448083e-03
 38   0.9500    -0.008359    -0.270127    -0.015112    -0.215463       0.001304 -9.663429e-03
 39   0.9750    -0.015112    -0.215463    -0.020499    -0.150750      -0.001018 -1.409414e-02
 40   1.0000    -0.020499    -0.150750    -0.024268    -0.080659      -0.003008 -1.749066e-02
 41   1.0250    -0.024268    -0.080659    -0.026284    -0.009907      -0.004589 -1.967900e-02
 42   1.0500    -0.026284    -0.009907    -0.026532     0.057041      -0.005715 -2.056895e-02
 43   1.0750    -0.026532     0.057041    -0.025106     0.116241      -0.006375 -2.015652e-02
 44   1.1000    -0.025106     0.116241    -0.022200     0.164475      -0.006585 -1.852055e-02
 45   1.1250    -0.022200     0.164475    -0.018088     0.199415      -0.006386 -1.581414e-02
 46   1.1500    -0.018088     0.199415    -0.013102     0.219707      -0.005836 -1.225164e-02
 47   1.1750    -0.013102     0.219707    -0.007610     0.225000      -0.005010 -8.092188e-03
 48   1.2000    -0.007610     0.225000    -0.001985     0.215900      -0.003989 -3.621203e-03
 49   1.2250    -0.001985     0.215900     0.003413     0.193874      -0.002854 8.690363e-04
 50   1.2500     0.003413     0.193874     0.008260     0.161108      -0.001686 5.098305e-03
 51   1.2750     0.008260     0.161108     0.012287     0.120321      -0.000556 8.815689e-03
 52   1.3000     0.012287     0.120321     0.015295     0.074562       0.000473 1.181413e-02
 53   1.3250     0.015295     0.074562     0.017159     0.027004       0.001354 1.394149e-02
 54   1.3500     0.017159     0.027004     0.017834    -0.019270       0.002052 1.510749e-02
 55   1.3750     0.017834    -0.019270     0.017353    -0.061447       0.002548 1.528648e-02
 56   1.4000     0.017353    -0.061447     0.015817    -0.097148       0.002837 1.451583e-02
 57   1.4250     0.015817    -0.097148     0.013388    -0.124546       0.002926 1.289050e-02
 58   1.4500     0.013388    -0.124546     0.010274    -0.142447       0.002834 1.055414e-02
 59   1.4750     0.010274    -0.142447     0.006713    -0.150327       0.002587 7.687604e-03
 60   1.5000     0.006713    -0.150327     0.002955    -0.148318       0.002217 4.495672e-03
 61   1.5250     0.002955    -0.148318    -0.000753    -0.137166       0.001762 1.192958e-03
 62   1.5500    -0.000753    -0.137166    -0.004182    -0.118137       0.001257 -2.010089e-03
 63   1.5750    -0.004182    -0.118137    -0.007136    -0.092914       0.000738 -4.920183e-03
 64   1.6000    -0.007136    -0.092914    -0.009459    -0.063461       0.000237 -7.372424e-03
 65   1.6250    -0.009459    -0.063461    -0.011045    -0.031882      -0.000219 -9.239150e-03
 66   1.6500    -0.011045    -0.031882    -0.011842    -0.000284      -0.000609 -1.043596e-02
 67   1.6750    -0.011842    -0.000284    -0.011849     0.029357      -0.000917 -1.092468e-02
 68   1.7000    -0.011849     0.029357    -0.011115     0.055310      -0.001136 -1.071331e-02
 69   1.7250    -0.011115     0.055310    -0.009733     0.076185      -0.001262 -9.852979e-03
 70   1.7500    -0.009733     0.076185    -0.007828     0.090993      -0.001300 -8.432442e-03
 71   1.7750    -0.007828     0.090993    -0.005553     0.099189      -0.001257 -6.570469e-03
 72   1.8000    -0.005553     0.099189    -0.003073     0.100673      -0.001146 -4.406771e-03
 73   1.8250    -0.003073     0.100673    -0.000557     0.095772      -0.000981 -2.092122e-03
 74   1.8500    -0.000557     0.095772     0.001838     0.085192      -0.000778 2.216755e-04
 75   1.8750     0.001838     0.085192     0.003968     0.069949      -0.000554 2.391328e-03
 76   1.9000     0.003968     0.069949     0.005716     0.051286      -0.000323 4.290519e-03
 77   1.9250     0.005716     0.051286     0.006998     0.030585      -0.000101 5.816847e-03
 78   1.9500     0.006998     0.030585     0.007763     0.009266       0.000102 6.896867e-03
 79   1.9750     0.007763     0.009266     0.007995    -0.011300       0.000274 7.489037e-03
 80   2.0000     0.007995    -0.011300     0.007712    -0.029874       0.000410 7.584506e-03
 81   2.0250     0.007712    -0.029874     0.006965    -0.045421       0.000506 7.205803e-03
 82   2.0500     0.006965    -0.045421     0.005830    -0.057156       0.000562 6.403645e-03
 83   2.0750     0.005830    -0.057156     0.004401    -0.064586       0.000578 5.252159e-03
 84   2.1000     0.004401    -0.064586     0.002786    -0.067515       0.000558 3.842918e-03
 85   2.1250     0.002786    -0.067515     0.001098    -0.066041       0.000508 2.278228e-03
 86   2.1500     0.001098    -0.066041    -0.000553    -0.060532       0.000434 6.641347e-04
 87   2.1750    -0.000553    -0.060532    -0.002066    -0.051584       0.000344 -8.964050e-04
 88   2.2000    -0.002066    -0.051584    -0.003356    -0.039971       0.000244 -2.309756e-03
 89   2.2250    -0.003356    -0.039971    -0.004355    -0.026586       0.000141 -3.496899e-03
 90   2.2500    -0.004355    -0.026586    -0.005019    -0.012375       0.000043 -4.397498e-03
 91   2.2750    -0.005019    -0.012375    -0.005329     0.001720      -0.000047 -4.972566e-03
 92   2.3000    -0.005329     0.001720    -0.005286     0.014827      -0.000123 -5.205643e-03
 93   2.3250    -0.005286     0.014827    -0.004915     0.026189      -0.000183 -5.102498e-03
 94   2.3500    -0.004915     0.026189    -0.004260     0.035203      -0.000226 -4.689457e-03
 95   2.3750    -0.004260     0.035203    -0.003380     0.041454      -0.000250 -4.010555e-03
 96   2.4000    -0.003380     0.041454    -0.002344     0.044723      -0.000257 -3.123742e-03
 97   2.4250    -0.002344     0.044723    -0.001226     0.044993      -0.000248 -2.096451e-03
 98   2.4500    -0.001226     0.044993    -0.000101     0.042434      -0.000225 -1.000836e-03
 99   2.4750    -0.000101     0.042434     0.000960     0.037382      -0.000192 9.100382e-05
100   2.5000     0.000960     0.037382     0.001894     0.030310      -0.000152 1.111509e-03
101   2.5250     0.001894     0.030310     0.002652     0.021786      -0.000107 2.001596e-03
102   2.5500     0.002652     0.021786     0.003197     0.012433      -0.000062 2.713835e-03
103   2.5750     0.003197     0.012433     0.003507     0.002887      -0.000018 3.214698e-03
104   2.6000     0.003507     0.002887     0.003580    -0.006243       0.000022 3.485820e-03
105   2.6250     0.003580    -0.006243     0.003424    -0.014411       0.000055 3.524229e-03
106   2.6500     0.003424    -0.014411     0.003063    -0.021169       0.000082 3.341605e-03
107   2.6750     0.003063    -0.021169     0.002534    -0.026181       0.000101 2.962673e-03
108   2.7000     0.002534    -0.026181     0.001880    -0.029244       0.000111 2.422875e-03
109   2.7250     0.001880    -0.029244     0.001148    -0.030287       0.000114 1.765516e-03
110   2.7500     0.001148    -0.030287     0.000391    -0.029372       0.000110 1.038590e-03
111   2.7750     0.000391    -0.029372    -0.000343    -0.026679       0.000100 2.915112e-04
112   2.8000    -0.000343    -0.026679    -0.001010    -0.022486       0.000085 -4.280544e-04
113   2.8250    -0.001010    -0.022486    -0.001572    -0.017151       0.000067 -1.077049e-03
114   2.8500    -0.001572    -0.017151    -0.002001    -0.011076       0.000047 -1.619427e-03
115   2.8750    -0.002001    -0.011076    -0.002278    -0.004690       0.000027 -2.027971e-03
116   2.9000    -0.002278    -0.004690    -0.002395     0.001591       0.000008 -2.285455e-03
117   2.9250    -0.002395     0.001591    -0.002355     0.007380      -0.000010 -2.385105e-03
118   2.9500    -0.002355     0.007380    -0.002171     0.012346      -0.000025 -2.330385e-03
119   2.9750    -0.002171     0.012346    -0.001862     0.016230      -0.000037 -2.134156e-03
120   3.0000    -0.001862     0.016230    -0.001456     0.018856      -0.000045 -1.817303e-03
121   3.0250    -0.001456     0.018856    -0.000985     0.020140      -0.000049 -1.406942e-03
122   3.0500    -0.000985     0.020140    -0.000481     0.020085      -0.000051 -9.343480e-04
123   3.0750    -0.000481     0.020085     0.000021     0.018778      -0.000049 -4.327546e-04
124   3.1000     0.000021     0.018778     0.000490     0.016379      -0.000044 6.483915e-05
125   3.1250     0.000490     0.016379     0.000900     0.013107      -0.000038 5.277096e-04
126   3.1500     0.000900     0.013107     0.001227     0.009219      -0.000030 9.291836e-04
127   3.1750     0.001227     0.009219     0.001458     0.004999      -0.000021 1.248052e-03
128   3.2000     0.001458     0.004999     0.001583     0.000730      -0.000012 1.469557e-03
129   3.2250     0.001583     0.000730     0.001601    -0.003318      -0.000003 1.585912e-03
130   3.2500     0.001601    -0.003318     0.001518    -0.006906       0.000005 1.596362e-03
131   3.2750     0.001518    -0.006906     0.001345    -0.009838       0.000011 1.506797e-03
132   3.3000     0.001345    -0.009838     0.001099    -0.011971       0.000016 1.328973e-03
133   3.3250     0.001099    -0.011971     0.000800    -0.013223       0.000020 1.079421e-03
134   3.3500     0.000800    -0.013223     0.000470    -0.013571       0.000022 7.781191e-04
135   3.3750     0.000470    -0.013571     0.000130    -0.013048       0.000023 4.470384e-04
136   3.4000     0.000130    -0.013048    -0.000196    -0.011743       0.000022 1.086464e-04
137   3.4250    -0.000196    -0.011743    -0.000490    -0.009785       0.000020 -2.155224e-04
138   3.4500    -0.000490    -0.009785    -0.000734    -0.007338       0.000017 -5.061520e-04
139   3.4750    -0.000734    -0.007338    -0.000918    -0.004586       0.000013 -7.472122e-04
140   3.5000    -0.000918    -0.004586    -0.001032    -0.001718       0.000009 -9.267547e-04
141   3.5250    -0.001032    -0.001718    -0.001075     0.001077       0.000005 -1.037406e-03
142   3.5500    -0.001075     0.001077    -0.001048     0.003630       0.000001 -1.076544e-03
143   3.5750    -0.001048     0.003630    -0.000958     0.005797      -0.000002 -1.046168e-03
144   3.6000    -0.000958     0.005797    -0.000813     0.007466      -0.000005 -9.524865e-04
145   3.6250    -0.000813     0.007466    -0.000626     0.008565      -0.000007 -8.052699e-04
146   3.6500    -0.000626     0.008565    -0.000412     0.009059      -0.000009 -6.170211e-04
147   3.6750    -0.000412     0.009059    -0.000185     0.008956      -0.000010 -4.020253e-04
148   3.7000    -0.000185     0.008956     0.000039     0.008300      -0.000010 -1.753491e-04
149   3.7250     0.000039     0.008300     0.000246     0.007166      -0.000010 4.814842e-05
150   3.7500     0.000246     0.007166     0.000425     0.005655      -0.000009 2.547290e-04
151   3.7750     0.000425     0.005655     0.000567     0.003885      -0.000007 4.325633e-04
152   3.8000     0.000567     0.003885     0.000664     0.001983      -0.000006 5.723500e-04
153   3.8250     0.000664     0.001983     0.000713     0.000076      -0.000004 6.677390e-04
154   3.8500     0.000713     0.000076     0.000715    -0.001717      -0.000002 7.155447e-04
155   3.8750     0.000715    -0.001717     0.000672    -0.003290      -0.000001 7.157476e-04
156   3.9000     0.000672    -0.003290     0.000590    -0.004560       0.000001 6.712992e-04
157   3.9250     0.000590    -0.004560     0.000476    -0.005465       0.000002 5.877529e-04
158   3.9500     0.000476    -0.005465     0.000339    -0.005972       0.000003 4.727556e-04
159   3.9750     0.000339    -0.005972     0.000190    -0.006074       0.000004 3.354407e-04
160   4.0000     0.000190    -0.006074     0.000038    -0.005790       0.000004 1.857654e-04
161   4.0250     0.000038    -0.005790    -0.000106    -0.005162       0.000004 3.383795e-05
162   4.0500    -0.000106    -0.005162    -0.000236    -0.004250       0.000004 -1.107222e-04
163   4.0750    -0.000236    -0.004250    -0.000342    -0.003130       0.000004 -2.393545e-04
164   4.1000    -0.000342    -0.003130    -0.000420    -0.001885       0.000003 -3.450259e-04
165   4.1250    -0.000420    -0.001885    -0.000467    -0.000599       0.000003 -4.225743e-04
166   4.1500    -0.000467    -0.000599    -0.000482     0.000644       0.000002 -4.689143e-04
167   4.1750    -0.000482     0.000644    -0.000466     0.001769       0.000001 -4.831007e-04
168   4.2000    -0.000466     0.001769    -0.000422     0.002713       0.000000 -4.662540e-04
169   4.2250    -0.000422     0.002713    -0.000354     0.003428      -0.000000 -4.213617e-04
170   4.2500    -0.000354     0.003428    -0.000268     0.003884      -0.000001 -3.529755e-04
171   4.2750    -0.000268     0.003884    -0.000171     0.004070      -0.000001 -2.668299e-04
172   4.3000    -0.000171     0.004070    -0.000069     0.003989      -0.000002 -1.694100e-04
173   4.3250    -0.000069     0.003989     0.000030     0.003664      -0.000002 -6.750061e-05
174   4.3500     0.000030     0.003664     0.000122     0.003130      -0.000002 3.225688e-05
175   4.3750     0.000122     0.003130     0.000200     0.002434      -0.000002 1.237695e-04
176   4.4000     0.000200     0.002434     0.000261     0.001630      -0.000002 2.018393e-04
177   4.4250     0.000261     0.001630     0.000302     0.000773      -0.000001 2.624318e-04
178   4.4500     0.000302     0.000773     0.000321    -0.000078      -0.000001 3.028556e-04
179   4.4750     0.000321    -0.000078     0.000319    -0.000871      -0.000001 3.218464e-04
180   4.5000     0.000319    -0.000871     0.000297    -0.001560      -0.000000 3.195570e-04
181   4.5250     0.000297    -0.001560     0.000258    -0.002108      -0.000000 2.974593e-04
182   4.5500     0.000258    -0.002108     0.000206    -0.002490       0.000000 2.581703e-04
183   4.5750     0.000206    -0.002490     0.000143    -0.002693       0.000000 2.052169e-04
184   4.6000     0.000143    -0.002693     0.000076    -0.002715       0.000001 1.427591e-04
185   4.6250     0.000076    -0.002715     0.000008    -0.002566       0.000001 7.529066e-05
186   4.6500     0.000008    -0.002566    -0.000056    -0.002266       0.000001 7.337586e-06
187   4.6750    -0.000056    -0.002266    -0.000113    -0.001843       0.000001 -5.682648e-05
188   4.7000    -0.000113    -0.001843    -0.000159    -0.001331       0.000001 -1.134314e-04
189   4.7250    -0.000159    -0.001331    -0.000192    -0.000768       0.000001 -1.594145e-04
190   4.7500    -0.000192    -0.000768    -0.000211    -0.000192       0.000001 -1.925680e-04
191   4.7750    -0.000211    -0.000192    -0.000216     0.000360       0.000000 -2.116228e-04
192   4.8000    -0.000216     0.000360    -0.000207     0.000855       0.000000 -2.162701e-04
193   4.8250    -0.000207     0.000855    -0.000186     0.001265       0.000000 -2.071199e-04
194   4.8500    -0.000186     0.001265    -0.000154     0.001571       0.000000 -1.856058e-04
195   4.8750    -0.000154     0.001571    -0.000115     0.001759      -0.000000 -1.538444e-04
196   4.9000    -0.000115     0.001759    -0.000071     0.001826      -0.000000 -1.144597e-04
197   4.9250    -0.000071     0.001826    -0.000025     0.001775      -0.000000 -7.038810e-05
198   4.9500    -0.000025     0.001775     0.000019     0.001615      -0.000000 -2.467536e-05
199   4.9750     0.000019     0.001615     0.000060     0.001365      -0.000000 1.972070e-05
