  n        t          u^n          v^n      u^(n+1)      v^(n+1)           y(t)        error
  0   0.0000     0.010000     1.000000     0.034687     0.975285       0.010000 -8.673617e-18
  1   0.0250     0.034687     0.975285     0.058764     0.951149       0.034690 -2.380010e-06
  2   0.0500     0.058764     0.951149     0.082245     0.927580       0.058769 -4.646588e-06
  3   0.0750     0.082245     0.927580     0.105143     0.904565       0.082252 -6.803744e-06
  4   0.1000     0.105143     0.904565     0.127473     0.882089       0.105152 -8.855359e-06
  5   0.1250     0.127473     0.882089     0.149247     0.860142       0.127484 -1.080520e-05
  6   0.1500     0.149247     0.860142     0.170480     0.838709       0.149260 -1.265689e-05
  7   0.1750     0.170480     0.838709     0.191183     0.817780       0.170494 -1.441398e-05
  8   0.2000     0.191183     0.817780     0.211369     0.797342       0.191199 -1.607988e-05
  9   0.2250     0.211369     0.797342     0.231050     0.777384       0.211386 -1.765789e-05
 10   0.2500     0.231050     0.777384     0.250238     0.757895       0.231069 -1.915123e-05
 11   0.2750     0.250238     0.757895     0.268945     0.738864       0.250258 -2.056298e-05
 12   0.3000     0.268945     0.738864     0.287181     0.720280       0.268966 -2.189615e-05
 13   0.3250     0.287181     0.720280     0.304959     0.702132       0.287204 -2.315366e-05
 14   0.3500     0.304959     0.702132     0.322288     0.684411       0.304983 -2.433831e-05
 15   0.3750     0.322288     0.684411     0.339179     0.667106       0.322313 -2.545283e-05
 16   0.4000     0.339179     0.667106     0.355643     0.650208       0.339205 -2.649985e-05
 17   0.4250     0.355643     0.650208     0.371689     0.633707       0.355670 -2.748193e-05
 18   0.4500     0.371689     0.633707     0.387328     0.617593       0.371718 -2.840153e-05
 19   0.4750     0.387328     0.617593     0.402569     0.601859       0.387357 -2.926105e-05
 20   0.5000     0.402569     0.601859     0.417421     0.586494       0.402599 -3.006279e-05
 21   0.5250     0.417421     0.586494     0.431894     0.571491       0.417452 -3.080899e-05
 22   0.5500     0.431894     0.571491     0.445995     0.556840       0.431925 -3.150181e-05
 23   0.5750     0.445995     0.556840     0.459736     0.542534       0.446028 -3.214334e-05
 24   0.6000     0.459736     0.542534     0.473122     0.528564       0.459768 -3.273562e-05
 25   0.6250     0.473122     0.528564     0.486164     0.514923       0.473155 -3.328058e-05
 26   0.6500     0.486164     0.514923     0.498868     0.501602       0.486197 -3.378014e-05
 27   0.6750     0.498868     0.501602     0.511244     0.488595       0.498902 -3.423611e-05
 28   0.7000     0.511244     0.488595     0.523298     0.475894       0.511278 -3.465027e-05
 29   0.7250     0.523298     0.475894     0.535038     0.463492       0.523333 -3.502432e-05
 30   0.7500     0.535038     0.463492     0.546473     0.451382       0.535074 -3.535992e-05
 31   0.7750     0.546473     0.451382     0.557607     0.439557       0.546508 -3.565866e-05
 32   0.8000     0.557607     0.439557     0.568450     0.428010       0.557643 -3.592209e-05
 33   0.8250     0.568450     0.428010     0.579008     0.416736       0.568486 -3.615170e-05
 34   0.8500     0.579008     0.416736     0.589287     0.405726       0.579044 -3.634893e-05
 35   0.8750     0.589287     0.405726     0.599294     0.394976       0.589324 -3.651518e-05
 36   0.9000     0.599294     0.394976     0.609036     0.384479       0.599331 -3.665178e-05
 37   0.9250     0.609036     0.384479     0.618518     0.374230       0.609073 -3.676004e-05
 38   0.9500     0.618518     0.374230     0.627747     0.364221       0.618555 -3.684121e-05
 39   0.9750     0.627747     0.364221     0.636729     0.354449       0.627784 -3.689650e-05
 40   1.0000     0.636729     0.354449     0.645470     0.344907       0.636766 -3.692708e-05
 41   1.0250     0.645470     0.344907     0.653975     0.335590       0.645507 -3.693408e-05
 42   1.0500     0.653975     0.335590     0.662249     0.326493       0.654011 -3.691859e-05
 43   1.0750     0.662249     0.326493     0.670299     0.317610       0.662286 -3.688166e-05
 44   1.1000     0.670299     0.317610     0.678130     0.308937       0.670336 -3.682431e-05
 45   1.1250     0.678130     0.308937     0.685746     0.300468       0.678166 -3.674751e-05
 46   1.1500     0.685746     0.300468     0.693153     0.292199       0.685783 -3.665220e-05
 47   1.1750     0.693153     0.292199     0.700356     0.284125       0.693190 -3.653930e-05
 48   1.2000     0.700356     0.284125     0.707359     0.276242       0.700392 -3.640969e-05
 49   1.2250     0.707359     0.276242     0.714168     0.268545       0.707395 -3.626420e-05
 50   1.2500     0.714168     0.268545     0.720786     0.261029       0.714204 -3.610367e-05
 51   1.2750     0.720786     0.261029     0.727219     0.253691       0.720822 -3.592887e-05
 52   1.3000     0.727219     0.253691     0.733471     0.246527       0.727255 -3.574056e-05
 53   1.3250     0.733471     0.246527     0.739546     0.239531       0.733506 -3.553948e-05
 54   1.3500     0.739546     0.239531     0.745447     0.232701       0.739581 -3.532632e-05
 55   1.3750     0.745447     0.232701     0.751181     0.226033       0.745483 -3.510176e-05
 56   1.4000     0.751181     0.226033     0.756749     0.219522       0.751216 -3.486646e-05
 57   1.4250     0.756749     0.219522     0.762157     0.213165       0.756784 -3.462105e-05
 58   1.4500     0.762157     0.213165     0.767407     0.206958       0.762191 -3.436612e-05
 59   1.4750     0.767407     0.206958     0.772505     0.200898       0.767441 -3.410227e-05
 60   1.5000     0.772505     0.200898     0.777452     0.194982       0.772538 -3.383004e-05
 61   1.5250     0.777452     0.194982     0.782254     0.189206       0.777486 -3.354999e-05
 62   1.5500     0.782254     0.189206     0.786912     0.183566       0.782287 -3.326262e-05
 63   1.5750     0.786912     0.183566     0.791432     0.178060       0.786945 -3.296844e-05
 64   1.6000     0.791432     0.178060     0.795815     0.172684       0.791465 -3.266792e-05
 65   1.6250     0.795815     0.172684     0.800066     0.167436       0.795848 -3.236152e-05
 66   1.6500     0.800066     0.167436     0.804187     0.162312       0.800098 -3.204970e-05
 67   1.6750     0.804187     0.162312     0.808182     0.157310       0.804219 -3.173286e-05
 68   1.7000     0.808182     0.157310     0.812053     0.152426       0.808213 -3.141142e-05
 69   1.7250     0.812053     0.152426     0.815803     0.147659       0.812084 -3.108577e-05
 70   1.7500     0.815803     0.147659     0.819436     0.143004       0.815834 -3.075628e-05
 71   1.7750     0.819436     0.143004     0.822953     0.138460       0.819466 -3.042332e-05
 72   1.8000     0.822953     0.138460     0.826359     0.134024       0.822983 -3.008722e-05
 73   1.8250     0.826359     0.134024     0.829654     0.129693       0.826388 -2.974833e-05
 74   1.8500     0.829654     0.129693     0.832843     0.125465       0.829684 -2.940696e-05
 75   1.8750     0.832843     0.125465     0.835928     0.121338       0.832872 -2.906341e-05
 76   1.9000     0.835928     0.121338     0.838910     0.117308       0.835956 -2.871798e-05
 77   1.9250     0.838910     0.117308     0.841793     0.113375       0.838938 -2.837093e-05
 78   1.9500     0.841793     0.113375     0.844579     0.109535       0.841821 -2.802255e-05
 79   1.9750     0.844579     0.109535     0.847270     0.105787       0.844606 -2.767308e-05
