  n        t          u^n          v^n      u^(n+1)      v^(n+1)           y(t)        error
  0   0.0000     0.010000     1.000000     0.033262     0.868545       0.010000 -8.673617e-18
  1   0.0250     0.033262     0.868545     0.053418     0.750794       0.033323 -6.174370e-05
  2   0.0500     0.053418     0.750794     0.070793     0.645418       0.053529 -1.115176e-04
  3   0.0750     0.070793     0.645418     0.085681     0.551213       0.070944 -1.510170e-04
  4   0.1000     0.085681     0.551213     0.098346     0.467088       0.085862 -1.817264e-04
  5   0.1250     0.098346     0.467088     0.109028     0.392057       0.098551 -2.049431e-04
  6   0.1500     0.109028     0.392057     0.117943     0.325225       0.109250 -2.218001e-04
  7   0.1750     0.117943     0.325225     0.125284     0.265784       0.118176 -2.332845e-04
  8   0.2000     0.125284     0.265784     0.131227     0.213002       0.125525 -2.402555e-04
  9   0.2250     0.131227     0.213002     0.135930     0.166217       0.131471 -2.434591e-04
 10   0.2500     0.135930     0.166217     0.139534     0.124830       0.136174 -2.435420e-04
 11   0.2750     0.139534     0.124830     0.142168     0.088299       0.139775 -2.410634e-04
 12   0.3000     0.142168     0.088299     0.143946     0.056133       0.142405 -2.365058e-04
 13   0.3250     0.143946     0.056133     0.144972     0.027891       0.144176 -2.302841e-04
 14   0.3500     0.144972     0.027891     0.145338     0.003170       0.145195 -2.227544e-04
 15   0.3750     0.145338     0.003170     0.145128    -0.018389       0.145552 -2.142210e-04
 16   0.4000     0.145128    -0.018389     0.144416    -0.037116       0.145333 -2.049431e-04
 17   0.4250     0.144416    -0.037116     0.143270    -0.053305       0.144611 -1.951402e-04
 18   0.4500     0.143270    -0.053305     0.141749    -0.067222       0.143455 -1.849979e-04
 19   0.4750     0.141749    -0.067222     0.139907    -0.079109       0.141924 -1.746716e-04
