  n        t          u^n          v^n      u^(n+1)      v^(n+1)           y(t)        error
  0   0.0000     0.010000     1.000000     0.033262     0.868545       0.010000 -8.673617e-18
  1   0.0250     0.033262     0.868545     0.053418     0.750794       0.033323 -6.174370e-05
  2   0.0500     0.053418     0.750794     0.070793     0.645418       0.053529 -1.115176e-04
  3   0.0750     0.070793     0.645418     0.085681     0.551213       0.070944 -1.510170e-04
  4   0.1000     0.085681     0.551213     0.098346     0.467088       0.085862 -1.817264e-04
  5   0.1250     0.098346     0.467088     0.109028     0.392057       0.098551 -2.049431e-04
  6   0.1500     0.109028     0.392057     0.117943     0.325225       0.109250 -2.218001e-04
  7   0.1750     0.117943     0.325225     0.125284     0.265784       0.118176 -2.332845e-04
  8   0.2000     0.125284     0.265784     0.131227     0.213002       0.125525 -2.402555e-04
  9   0.2250     0.131227     0.213002     0.135930     0.166217       0.131471 -2.434591e-04
 10   0.2500     0.135930     0.166217     0.139534     0.124830       0.136174 -2.435420e-04
 11   0.2750     0.139534     0.124830     0.142168     0.088299       0.139775 -2.410634e-04
 12   0.3000     0.142168     0.088299     0.143946     0.056133       0.142405 -2.365058e-04
 13   0.3250     0.143946     0.056133     0.144972     0.027891       0.144176 -2.302841e-04
 14   0.3500     0.144972     0.027891     0.145338     0.003170       0.145195 -2.227544e-04
 15   0.3750     0.145338     0.003170     0.145128    -0.018389       0.145552 -2.142210e-04
 16   0.4000     0.145128    -0.018389     0.144416    -0.037116       0.145333 -2.049431e-04
 17   0.4250     0.144416    -0.037116     0.143270    -0.053305       0.144611 -1.951402e-04
 18   0.4500     0.143270    -0.053305     0.141749    -0.067222       0.143455 -1.849979e-04
 19   0.4750     0.141749    -0.067222     0.139907    -0.079109       0.141924 -1.746716e-04
 20   0.5000     0.139907    -0.079109     0.137792    -0.089182       0.140072 -1.642907e-04
 21   0.5250     0.137792    -0.089182     0.135447    -0.097638       0.137946 -1.539624e-04
 22   0.5500     0.135447    -0.097638     0.132909    -0.104654       0.135591 -1.437742e-04
 23   0.5750     0.132909    -0.104654     0.130213    -0.110388       0.133043 -1.337969e-04
 24   0.6000     0.130213    -0.110388     0.127389    -0.114985       0.130337 -1.240871e-04
 25   0.6250     0.127389    -0.114985     0.124463    -0.118573       0.127504 -1.146887e-04
 26   0.6500     0.124463    -0.118573     0.121460    -0.121269       0.124569 -1.056353e-04
 27   0.6750     0.121460    -0.121269     0.118399    -0.123177       0.121557 -9.695141e-05
 28   0.7000     0.118399    -0.123177     0.115300    -0.124392       0.118488 -8.865398e-05
 29   0.7250     0.115300    -0.124392     0.112179    -0.124998       0.115381 -8.075350e-05
 30   0.7500     0.112179    -0.124998     0.109050    -0.125071       0.112252 -7.325511e-05
 31   0.7750     0.109050    -0.125071     0.105925    -0.124680       0.109116 -6.615947e-05
 32   0.8000     0.105925    -0.124680     0.102815    -0.123884       0.105984 -5.946356e-05
 33   0.8250     0.102815    -0.123884     0.099730    -0.122740       0.102868 -5.316133e-05
 34   0.8500     0.099730    -0.122740     0.096678    -0.121295       0.099778 -4.724433e-05
 35   0.8750     0.096678    -0.121295     0.093665    -0.119594       0.096720 -4.170213e-05
 36   0.9000     0.093665    -0.119594     0.090698    -0.117676       0.093702 -3.652285e-05
 37   0.9250     0.090698    -0.117676     0.087781    -0.115575       0.090730 -3.169345e-05
 38   0.9500     0.087781    -0.115575     0.084919    -0.113323       0.087808 -2.720007e-05
 39   0.9750     0.084919    -0.113323     0.082115    -0.110948       0.084942 -2.302828e-05
 40   1.0000     0.082115    -0.110948     0.079371    -0.108473       0.082134 -1.916334e-05
 41   1.0250     0.079371    -0.108473     0.076691    -0.105921       0.079387 -1.559033e-05
 42   1.0500     0.076691    -0.105921     0.074075    -0.103310       0.076703 -1.229436e-05
 43   1.0750     0.074075    -0.103310     0.071525    -0.100658       0.074085 -9.260660e-06
 44   1.1000     0.071525    -0.100658     0.069042    -0.097980       0.071532 -6.474689e-06
 45   1.1250     0.069042    -0.097980     0.066626    -0.095289       0.069046 -3.922234e-06
 46   1.1500     0.066626    -0.095289     0.064278    -0.092596       0.066628 -1.589467e-06
 47   1.1750     0.064278    -0.092596     0.061996    -0.089911       0.064277 5.370045e-07
 48   1.2000     0.061996    -0.089911     0.059782    -0.087244       0.061994 2.470097e-06
 49   1.2250     0.059782    -0.087244     0.057634    -0.084601       0.059778 4.222223e-06
 50   1.2500     0.057634    -0.084601     0.055552    -0.081989       0.057628 5.805273e-06
 51   1.2750     0.055552    -0.081989     0.053535    -0.079414       0.055545 7.230602e-06
 52   1.3000     0.053535    -0.079414     0.051581    -0.076880       0.053526 8.509029e-06
 53   1.3250     0.051581    -0.076880     0.049691    -0.074391       0.051572 9.650835e-06
 54   1.3500     0.049691    -0.074391     0.047862    -0.071950       0.049680 1.066577e-05
 55   1.3750     0.047862    -0.071950     0.046093    -0.069561       0.047850 1.156306e-05
 56   1.4000     0.046093    -0.069561     0.044384    -0.067225       0.046081 1.235141e-05
 57   1.4250     0.044384    -0.067225     0.042732    -0.064944       0.044371 1.303905e-05
 58   1.4500     0.042732    -0.064944     0.041136    -0.062719       0.042718 1.363371e-05
 59   1.4750     0.041136    -0.062719     0.039596    -0.060551       0.041122 1.414266e-05
 60   1.5000     0.039596    -0.060551     0.038109    -0.058441       0.039581 1.457272e-05
 61   1.5250     0.038109    -0.058441     0.036674    -0.056389       0.038094 1.493028e-05
 62   1.5500     0.036674    -0.056389     0.035289    -0.054395       0.036659 1.522134e-05
 63   1.5750     0.035289    -0.054395     0.033954    -0.052458       0.035274 1.545148e-05
 64   1.6000     0.033954    -0.052458     0.032667    -0.050579       0.033939 1.562593e-05
 65   1.6250     0.032667    -0.050579     0.031425    -0.048757       0.032651 1.574956e-05
 66   1.6500     0.031425    -0.048757     0.030229    -0.046991       0.031409 1.582692e-05
 67   1.6750     0.030229    -0.046991     0.029076    -0.045281       0.030213 1.586221e-05
 68   1.7000     0.029076    -0.045281     0.027965    -0.043625       0.029060 1.585938e-05
 69   1.7250     0.027965    -0.043625     0.026894    -0.042023       0.027949 1.582206e-05
 70   1.7500     0.026894    -0.042023     0.025863    -0.040473       0.026879 1.575364e-05
 71   1.7750     0.025863    -0.040473     0.024871    -0.038975       0.025848 1.565725e-05
 72   1.8000     0.024871    -0.038975     0.023915    -0.037527       0.024855 1.553579e-05
 73   1.8250     0.023915    -0.037527     0.022994    -0.036129       0.023899 1.539193e-05
 74   1.8500     0.022994    -0.036129     0.022108    -0.034778       0.022979 1.522816e-05
 75   1.8750     0.022108    -0.034778     0.021255    -0.033474       0.022093 1.504676e-05
 76   1.9000     0.021255    -0.033474     0.020435    -0.032215       0.021241 1.484984e-05
 77   1.9250     0.020435    -0.032215     0.019645    -0.031000       0.020420 1.463933e-05
 78   1.9500     0.019645    -0.031000     0.018885    -0.029829       0.019630 1.441702e-05
 79   1.9750     0.018885    -0.029829     0.018153    -0.028699       0.018870 1.418455e-05
