  n        t          u^n          v^n      u^(n+1)      v^(n+1)           y(t)        error
  0   0.0000     0.010000     1.000000     0.058749     0.951163       0.010000 -8.673617e-18
  1   0.0500     0.058749     0.951163     0.105115     0.904591       0.058769 -1.941021e-05
  2   0.1000     0.105115     0.904591     0.149207     0.860180       0.105152 -3.701687e-05
  3   0.1500     0.149207     0.860180     0.191132     0.817828       0.149260 -5.294530e-05
  4   0.2000     0.191132     0.817828     0.230989     0.777442       0.191199 -6.731308e-05
  5   0.2500     0.230989     0.777442     0.268875     0.738930       0.231069 -8.023052e-05
  6   0.3000     0.268875     0.738930     0.304881     0.702206       0.268966 -9.180104e-05
  7   0.3500     0.304881     0.702206     0.339094     0.667186       0.304983 -1.021216e-04
  8   0.4000     0.339094     0.667186     0.371598     0.633793       0.339205 -1.112832e-04
  9   0.4500     0.371598     0.633793     0.402473     0.601950       0.371718 -1.193708e-04
 10   0.5000     0.402473     0.601950     0.431792     0.571586       0.402599 -1.264642e-04
 11   0.5500     0.431792     0.571586     0.459630     0.542633       0.431925 -1.326382e-04
 12   0.6000     0.459630     0.542633     0.486055     0.515026       0.459768 -1.379626e-04
 13   0.6500     0.486055     0.515026     0.511132     0.488701       0.486197 -1.425028e-04
 14   0.7000     0.511132     0.488701     0.534924     0.463601       0.511278 -1.463199e-04
 15   0.7500     0.534924     0.463601     0.557491     0.439667       0.535074 -1.494712e-04
 16   0.8000     0.557491     0.439667     0.578890     0.416847       0.557643 -1.520101e-04
 17   0.8500     0.578890     0.416847     0.599175     0.395089       0.579044 -1.539865e-04
 18   0.9000     0.599175     0.395089     0.618399     0.374343       0.599331 -1.554470e-04
 19   0.9500     0.618399     0.374343     0.636609     0.354563       0.618555 -1.564351e-04
 20   1.0000     0.636609     0.354563     0.653854     0.335704       0.636766 -1.569914e-04
 21   1.0500     0.653854     0.335704     0.670179     0.317724       0.654011 -1.571538e-04
 22   1.1000     0.670179     0.317724     0.685626     0.300581       0.670336 -1.569575e-04
 23   1.1500     0.685626     0.300581     0.700237     0.284238       0.685783 -1.564353e-04
 24   1.2000     0.700237     0.284238     0.714049     0.268657       0.700392 -1.556179e-04
 25   1.2500     0.714049     0.268657     0.727102     0.253802       0.714204 -1.545337e-04
 26   1.3000     0.727102     0.253802     0.739429     0.239641       0.727255 -1.532090e-04
 27   1.3500     0.739429     0.239641     0.751066     0.226142       0.739581 -1.516686e-04
 28   1.4000     0.751066     0.226142     0.762043     0.213272       0.751216 -1.499352e-04
 29   1.4500     0.762043     0.213272     0.772392     0.201004       0.762191 -1.480299e-04
 30   1.5000     0.772392     0.201004     0.782143     0.189310       0.772538 -1.459724e-04
 31   1.5500     0.782143     0.189310     0.791323     0.178163       0.782287 -1.437808e-04
 32   1.6000     0.791323     0.178163     0.799959     0.167538       0.791465 -1.414720e-04
 33   1.6500     0.799959     0.167538     0.808077     0.157410       0.800098 -1.390615e-04
 34   1.7000     0.808077     0.157410     0.815700     0.147757       0.808213 -1.365636e-04
 35   1.7500     0.815700     0.147757     0.822852     0.138556       0.815834 -1.339917e-04
 36   1.8000     0.822852     0.138556     0.829555     0.129787       0.822983 -1.313579e-04
 37   1.8500     0.829555     0.129787     0.835830     0.121430       0.829684 -1.286735e-04
 38   1.9000     0.835830     0.121430     0.841698     0.113465       0.835956 -1.259487e-04
 39   1.9500     0.841698     0.113465     0.847177     0.105875       0.841821 -1.231932e-04
 40   2.0000     0.847177     0.105875     0.852285     0.098642       0.847297 -1.204155e-04
 41   2.0500     0.852285     0.098642     0.857041     0.091750       0.852403 -1.176236e-04
 42   2.1000     0.857041     0.091750     0.861460     0.085182       0.857155 -1.148249e-04
 43   2.1500     0.861460     0.085182     0.865559     0.078924       0.861572 -1.120258e-04
 44   2.2000     0.865559     0.078924     0.869352     0.072962       0.865668 -1.092325e-04
 45   2.2500     0.869352     0.072962     0.872855     0.067281       0.869459 -1.064504e-04
 46   2.3000     0.872855     0.067281     0.876080     0.061870       0.872958 -1.036845e-04
 47   2.3500     0.876080     0.061870     0.879041     0.056714       0.876181 -1.009392e-04
 48   2.4000     0.879041     0.056714     0.881751     0.051803       0.879140 -9.821858e-05
 49   2.4500     0.881751     0.051803     0.884222     0.047125       0.881847 -9.552621e-05
 50   2.5000     0.884222     0.047125     0.886464     0.042670       0.884315 -9.286533e-05
 51   2.5500     0.886464     0.042670     0.888488     0.038426       0.886554 -9.023879e-05
 52   2.6000     0.888488     0.038426     0.890306     0.034385       0.888576 -8.764913e-05
 53   2.6500     0.890306     0.034385     0.891927     0.030536       0.890391 -8.509855e-05
 54   2.7000     0.891927     0.030536     0.893360     0.026872       0.892009 -8.258901e-05
 55   2.7500     0.893360     0.026872     0.894614     0.023382       0.893440 -8.012218e-05
 56   2.8000     0.894614     0.023382     0.895698     0.020060       0.894692 -7.769948e-05
 57   2.8500     0.895698     0.020060     0.896620     0.016898       0.895773 -7.532213e-05
 58   2.9000     0.896620     0.016898     0.897388     0.013888       0.896693 -7.299112e-05
 59   2.9500     0.897388     0.013888     0.898008     0.011022       0.897458 -7.070728e-05
 60   3.0000     0.898008     0.011022     0.898490     0.008295       0.898077 -6.847123e-05
 61   3.0500     0.898490     0.008295     0.898838     0.005700       0.898556 -6.628345e-05
 62   3.1000     0.898838     0.005700     0.899060     0.003231       0.898902 -6.414429e-05
 63   3.1500     0.899060     0.003231     0.899161     0.000882       0.899122 -6.205392e-05
 64   3.2000     0.899161     0.000882     0.899148    -0.001353       0.899221 -6.001244e-05
 65   3.2500     0.899148    -0.001353     0.899026    -0.003478       0.899206 -5.801979e-05
 66   3.3000     0.899026    -0.003478     0.898800    -0.005500       0.899082 -5.607586e-05
 67   3.3500     0.898800    -0.005500     0.898476    -0.007422       0.898854 -5.418040e-05
 68   3.4000     0.898476    -0.007422     0.898058    -0.009250       0.898528 -5.233310e-05
 69   3.4500     0.898058    -0.009250     0.897551    -0.010988       0.898108 -5.053358e-05
 70   3.5000     0.897551    -0.010988     0.896959    -0.012639       0.897599 -4.878139e-05
 71   3.5500     0.896959    -0.012639     0.896287    -0.014208       0.897006 -4.707600e-05
 72   3.6000     0.896287    -0.014208     0.895538    -0.015700       0.896332 -4.541686e-05
 73   3.6500     0.895538    -0.015700     0.894717    -0.017116       0.895582 -4.380334e-05
 74   3.7000     0.894717    -0.017116     0.893826    -0.018461       0.894759 -4.223479e-05
 75   3.7500     0.893826    -0.018461     0.892870    -0.019739       0.893867 -4.071051e-05
 76   3.8000     0.892870    -0.019739     0.891852    -0.020952       0.892910 -3.922977e-05
 77   3.8500     0.891852    -0.020952     0.890775    -0.022103       0.891890 -3.779183e-05
 78   3.9000     0.890775    -0.022103     0.889642    -0.023195       0.890812 -3.639591e-05
 79   3.9500     0.889642    -0.023195     0.888456    -0.024232       0.889677 -3.504120e-05
 80   4.0000     0.888456    -0.024232     0.887219    -0.025214       0.888489 -3.372690e-05
 81   4.0500     0.887219    -0.025214     0.885934    -0.026146       0.887251 -3.245218e-05
 82   4.1000     0.885934    -0.026146     0.884604    -0.027030       0.885965 -3.121620e-05
 83   4.1500     0.884604    -0.027030     0.883231    -0.027866       0.884634 -3.001812e-05
 84   4.2000     0.883231    -0.027866     0.881817    -0.028659       0.883260 -2.885709e-05
 85   4.2500     0.881817    -0.028659     0.880365    -0.029410       0.881845 -2.773226e-05
 86   4.3000     0.880365    -0.029410     0.878876    -0.030120       0.880392 -2.664278e-05
 87   4.3500     0.878876    -0.030120     0.877353    -0.030792       0.878902 -2.558780e-05
 88   4.4000     0.877353    -0.030792     0.875797    -0.031427       0.877378 -2.456647e-05
 89   4.4500     0.875797    -0.031427     0.874210    -0.032028       0.875821 -2.357795e-05
 90   4.5000     0.874210    -0.032028     0.872594    -0.032596       0.874233 -2.262140e-05
 91   4.5500     0.872594    -0.032596     0.870951    -0.033132       0.872616 -2.169599e-05
 92   4.6000     0.870951    -0.033132     0.869281    -0.033637       0.870972 -2.080090e-05
 93   4.6500     0.869281    -0.033637     0.867587    -0.034114       0.869301 -1.993532e-05
 94   4.7000     0.867587    -0.034114     0.865870    -0.034564       0.867606 -1.909845e-05
 95   4.7500     0.865870    -0.034564     0.864131    -0.034987       0.865888 -1.828950e-05
 96   4.8000     0.864131    -0.034987     0.862371    -0.035386       0.864148 -1.750768e-05
 97   4.8500     0.862371    -0.035386     0.860592    -0.035760       0.862388 -1.675224e-05
 98   4.9000     0.860592    -0.035760     0.858795    -0.036113       0.860608 -1.602241e-05
 99   4.9500     0.858795    -0.036113     0.856981    -0.036443       0.858810 -1.531746e-05
100   5.0000     0.856981    -0.036443     0.855151    -0.036753       0.856996 -1.463666e-05
101   5.0500     0.855151    -0.036753     0.853306    -0.037044       0.855165 -1.397929e-05
102   5.1000     0.853306    -0.037044     0.851446    -0.037315       0.853319 -1.334467e-05
103   5.1500     0.851446    -0.037315     0.849574    -0.037569       0.851459 -1.273210e-05
104   5.2000     0.849574    -0.037569     0.847689    -0.037806       0.849586 -1.214092e-05
105   5.2500     0.847689    -0.037806     0.845793    -0.038027       0.847701 -1.157046e-05
106   5.3000     0.845793    -0.038027     0.843887    -0.038232       0.845804 -1.102010e-05
107   5.3500     0.843887    -0.038232     0.841970    -0.038423       0.843897 -1.048920e-05
108   5.4000     0.841970    -0.038423     0.840044    -0.038600       0.841980 -9.977157e-06
109   5.4500     0.840044    -0.038600     0.838110    -0.038763       0.840054 -9.483374e-06
110   5.5000     0.838110    -0.038763     0.836168    -0.038914       0.838119 -9.007269e-06
111   5.5500     0.836168    -0.038914     0.834219    -0.039053       0.836177 -8.548277e-06
112   5.6000     0.834219    -0.039053     0.832263    -0.039180       0.834227 -8.105847e-06
113   5.6500     0.832263    -0.039180     0.830301    -0.039296       0.832270 -7.679440e-06
114   5.7000     0.830301    -0.039296     0.828333    -0.039402       0.830308 -7.268534e-06
115   5.7500     0.828333    -0.039402     0.826360    -0.039498       0.828340 -6.872621e-06
116   5.8000     0.826360    -0.039498     0.824383    -0.039584       0.826367 -6.491204e-06
117   5.8500     0.824383    -0.039584     0.822402    -0.039661       0.824389 -6.123804e-06
118   5.9000     0.822402    -0.039661     0.820417    -0.039730       0.822408 -5.769951e-06
119   5.9500     0.820417    -0.039730     0.818429    -0.039790       0.820423 -5.429192e-06
120   6.0000     0.818429    -0.039790     0.816438    -0.039843       0.818434 -5.101085e-06
121   6.0500     0.816438    -0.039843     0.814445    -0.039888       0.816443 -4.785201e-06
122   6.1000     0.814445    -0.039888     0.812449    -0.039926       0.814449 -4.481125e-06
123   6.1500     0.812449    -0.039926     0.810452    -0.039958       0.812454 -4.188452e-06
124   6.2000     0.810452    -0.039958     0.808454    -0.039983       0.810456 -3.906790e-06
125   6.2500     0.808454    -0.039983     0.806454    -0.040002       0.808457 -3.635761e-06
126   6.3000     0.806454    -0.040002     0.804453    -0.040015       0.806457 -3.374995e-06
127   6.3500     0.804453    -0.040015     0.802452    -0.040023       0.804457 -3.124135e-06
128   6.4000     0.802452    -0.040023     0.800451    -0.040025       0.802455 -2.882836e-06
129   6.4500     0.800451    -0.040025     0.798450    -0.040022       0.800454 -2.650762e-06
130   6.5000     0.798450    -0.040022     0.796449    -0.040015       0.798452 -2.427589e-06
131   6.5500     0.796449    -0.040015     0.794448    -0.040003       0.796451 -2.213002e-06
132   6.6000     0.794448    -0.040003     0.792449    -0.039987       0.794450 -2.006697e-06
133   6.6500     0.792449    -0.039987     0.790450    -0.039967       0.792450 -1.808380e-06
134   6.7000     0.790450    -0.039967     0.788452    -0.039942       0.790451 -1.617764e-06
135   6.7500     0.788452    -0.039942     0.786455    -0.039915       0.788453 -1.434576e-06
136   6.8000     0.786455    -0.039915     0.784460    -0.039883       0.786457 -1.258546e-06
137   6.8500     0.784460    -0.039883     0.782467    -0.039849       0.784462 -1.089419e-06
138   6.9000     0.782467    -0.039849     0.780476    -0.039811       0.782468 -9.269431e-07
139   6.9500     0.780476    -0.039811     0.778486    -0.039770       0.780476 -7.708784e-07
140   7.0000     0.778486    -0.039770     0.776499    -0.039726       0.778487 -6.209916e-07
141   7.0500     0.776499    -0.039726     0.774513    -0.039680       0.776499 -4.770572e-07
142   7.1000     0.774513    -0.039680     0.772531    -0.039631       0.774514 -3.388575e-07
143   7.1500     0.772531    -0.039631     0.770550    -0.039579       0.772531 -2.061823e-07
144   7.2000     0.770550    -0.039579     0.768573    -0.039526       0.770550 -7.882842e-08
145   7.2500     0.768573    -0.039526     0.766598    -0.039470       0.768573 4.340039e-08
146   7.3000     0.766598    -0.039470     0.764626    -0.039412       0.766598 1.606936e-07
147   7.3500     0.764626    -0.039412     0.762657    -0.039352       0.764625 2.732340e-07
148   7.4000     0.762657    -0.039352     0.760691    -0.039290       0.762656 3.811983e-07
149   7.4500     0.760691    -0.039290     0.758728    -0.039226       0.760690 4.847569e-07
150   7.5000     0.758728    -0.039226     0.756768    -0.039161       0.758727 5.840743e-07
151   7.5500     0.756768    -0.039161     0.754812    -0.039094       0.756767 6.793090e-07
152   7.6000     0.754812    -0.039094     0.752859    -0.039025       0.754811 7.706144e-07
153   7.6500     0.752859    -0.039025     0.750909    -0.038956       0.752858 8.581381e-07
154   7.7000     0.750909    -0.038956     0.748963    -0.038884       0.750908 9.420224e-07
155   7.7500     0.748963    -0.038884     0.747021    -0.038812       0.748962 1.022405e-06
156   7.8000     0.747021    -0.038812     0.745082    -0.038738       0.747020 1.099418e-06
157   7.8500     0.745082    -0.038738     0.743147    -0.038664       0.745081 1.173190e-06
158   7.9000     0.743147    -0.038664     0.741215    -0.038588       0.743146 1.243843e-06
159   7.9500     0.741215    -0.038588     0.739288    -0.038511       0.741214 1.311496e-06
160   8.0000     0.739288    -0.038511     0.737364    -0.038433       0.739287 1.376265e-06
161   8.0500     0.737364    -0.038433     0.735445    -0.038354       0.737363 1.438258e-06
162   8.1000     0.735445    -0.038354     0.733529    -0.038275       0.735443 1.497582e-06
163   8.1500     0.733529    -0.038275     0.731617    -0.038195       0.733527 1.554340e-06
164   8.2000     0.731617    -0.038195     0.729710    -0.038113       0.731616 1.608631e-06
165   8.2500     0.729710    -0.038113     0.727806    -0.038032       0.729708 1.660549e-06
166   8.3000     0.727806    -0.038032     0.725906    -0.037949       0.727804 1.710186e-06
167   8.3500     0.725906    -0.037949     0.724011    -0.037866       0.725905 1.757630e-06
168   8.4000     0.724011    -0.037866     0.722120    -0.037783       0.724009 1.802966e-06
169   8.4500     0.722120    -0.037783     0.720233    -0.037699       0.722118 1.846276e-06
170   8.5000     0.720233    -0.037699     0.718350    -0.037614       0.720231 1.887638e-06
171   8.5500     0.718350    -0.037614     0.716471    -0.037529       0.718348 1.927129e-06
172   8.6000     0.716471    -0.037529     0.714597    -0.037444       0.716469 1.964821e-06
173   8.6500     0.714597    -0.037444     0.712727    -0.037358       0.714595 2.000785e-06
174   8.7000     0.712727    -0.037358     0.710861    -0.037271       0.712725 2.035088e-06
175   8.7500     0.710861    -0.037271     0.709000    -0.037185       0.710859 2.067796e-06
176   8.8000     0.709000    -0.037185     0.707143    -0.037098       0.708998 2.098970e-06
177   8.8500     0.707143    -0.037098     0.705290    -0.037011       0.707141 2.128672e-06
178   8.9000     0.705290    -0.037011     0.703442    -0.036923       0.705288 2.156959e-06
179   8.9500     0.703442    -0.036923     0.701598    -0.036836       0.703439 2.183887e-06
180   9.0000     0.701598    -0.036836     0.699758    -0.036748       0.701595 2.209510e-06
181   9.0500     0.699758    -0.036748     0.697923    -0.036660       0.699756 2.233879e-06
182   9.1000     0.697923    -0.036660     0.696092    -0.036571       0.697921 2.257045e-06
183   9.1500     0.696092    -0.036571     0.694266    -0.036483       0.696090 2.279054e-06
184   9.2000     0.694266    -0.036483     0.692444    -0.036394       0.694263 2.299954e-06
185   9.2500     0.692444    -0.036394     0.690626    -0.036306       0.692441 2.319787e-06
186   9.3000     0.690626    -0.036306     0.688813    -0.036217       0.690624 2.338597e-06
187   9.3500     0.688813    -0.036217     0.687005    -0.036128       0.688811 2.356424e-06
188   9.4000     0.687005    -0.036128     0.685200    -0.036039       0.687002 2.373309e-06
189   9.4500     0.685200    -0.036039     0.683401    -0.035950       0.685198 2.389288e-06
190   9.5000     0.683401    -0.035950     0.681605    -0.035861       0.683398 2.404398e-06
191   9.5500     0.681605    -0.035861     0.679815    -0.035772       0.681603 2.418673e-06
192   9.6000     0.679815    -0.035772     0.678028    -0.035683       0.679812 2.432148e-06
193   9.6500     0.678028    -0.035683     0.676246    -0.035594       0.678026 2.444855e-06
194   9.7000     0.676246    -0.035594     0.674469    -0.035505       0.676244 2.456825e-06
195   9.7500     0.674469    -0.035505     0.672696    -0.035416       0.674466 2.468087e-06
196   9.8000     0.672696    -0.035416     0.670927    -0.035327       0.672693 2.478671e-06
197   9.8500     0.670927    -0.035327     0.669163    -0.035238       0.670925 2.488603e-06
198   9.9000     0.669163    -0.035238     0.667403    -0.035149       0.669161 2.497910e-06
199   9.9500     0.667403    -0.035149     0.665648    -0.035060       0.667401 2.506618e-06
