  n        t          u^n          v^n      u^(n+1)      v^(n+1)           y(t)        error
  0   0.0000     0.010000     1.000000     0.110000     0.899950       0.010000 -8.673617e-18
  1   0.1000     0.110000     0.899950     0.199995     0.809405       0.105152 4.848078e-03
  2   0.2000     0.199995     0.809405     0.280936     0.727465       0.191199 8.796092e-03
  3   0.3000     0.280936     0.727465     0.353682     0.653313       0.268966 1.196903e-02
  4   0.4000     0.353682     0.653313     0.419013     0.586214       0.339205 1.447646e-02
  5   0.5000     0.419013     0.586214     0.477635     0.525497       0.402599 1.641430e-02
  6   0.6000     0.477635     0.525497     0.530184     0.470559       0.459768 1.786641e-02
  7   0.7000     0.530184     0.470559     0.577240     0.420852       0.511278 1.890601e-02
  8   0.8000     0.577240     0.420852     0.619326     0.375881       0.557643 1.959692e-02
  9   0.9000     0.619326     0.375881     0.656914     0.335196       0.599331 1.999468e-02
 10   1.0000     0.656914     0.335196     0.690433     0.298392       0.636766 2.014755e-02
 11   1.1000     0.690433     0.298392     0.720272     0.265101       0.670336 2.009735e-02
 12   1.2000     0.720272     0.265101     0.746783     0.234989       0.700392 1.988026e-02
 13   1.3000     0.746783     0.234989     0.770281     0.207756       0.727255 1.952751e-02
 14   1.4000     0.770281     0.207756     0.791057     0.183129       0.751216 1.906598e-02
 15   1.5000     0.791057     0.183129     0.809370     0.160861       0.772538 1.851872e-02
 16   1.6000     0.809370     0.160861     0.825456     0.140728       0.791465 1.790548e-02
 17   1.7000     0.825456     0.140728     0.839529     0.122528       0.808213 1.724305e-02
 18   1.8000     0.839529     0.122528     0.851782     0.106078       0.822983 1.654570e-02
 19   1.9000     0.851782     0.106078     0.862390     0.091211       0.835956 1.582548e-02
 20   2.0000     0.862390     0.091211     0.871511     0.077778       0.847297 1.509250e-02
 21   2.1000     0.871511     0.077778     0.879288     0.065643       0.857155 1.435521e-02
 22   2.2000     0.879288     0.065643     0.885853     0.054682       0.865668 1.362059e-02
 23   2.3000     0.885853     0.054682     0.891321     0.044784       0.872958 1.289438e-02
 24   2.4000     0.891321     0.044784     0.895799     0.035849       0.879140 1.218123e-02
 25   2.5000     0.895799     0.035849     0.899384     0.027785       0.884315 1.148486e-02
 26   2.6000     0.899384     0.027785     0.902163     0.020510       0.888576 1.080817e-02
 27   2.7000     0.902163     0.020510     0.904214     0.013948       0.892009 1.015343e-02
 28   2.8000     0.904214     0.013948     0.905609     0.008032       0.894692 9.522264e-03
 29   2.9000     0.905609     0.008032     0.906412     0.002701       0.896693 8.915851e-03
 30   3.0000     0.906412     0.002701     0.906682    -0.002101       0.898077 8.334931e-03
 31   3.1000     0.906682    -0.002101     0.906472    -0.006424       0.898902 7.779903e-03
 32   3.2000     0.906472    -0.006424     0.905829    -0.010314       0.899221 7.250871e-03
 33   3.3000     0.905829    -0.010314     0.904798    -0.013812       0.899082 6.747702e-03
 34   3.4000     0.904798    -0.013812     0.903417    -0.016955       0.898528 6.270065e-03
 35   3.5000     0.903417    -0.016955     0.901721    -0.019776       0.897599 5.817469e-03
 36   3.6000     0.901721    -0.019776     0.899744    -0.022307       0.896332 5.389298e-03
 37   3.7000     0.899744    -0.022307     0.897513    -0.024575       0.894759 4.984834e-03
 38   3.8000     0.897513    -0.024575     0.895055    -0.026605       0.892910 4.603287e-03
 39   3.9000     0.895055    -0.026605     0.892395    -0.028420       0.890812 4.243808e-03
 40   4.0000     0.892395    -0.028420     0.889553    -0.030040       0.888489 3.905512e-03
 41   4.1000     0.889553    -0.030040     0.886549    -0.031484       0.885965 3.587488e-03
 42   4.2000     0.886549    -0.031484     0.883400    -0.032768       0.883260 3.288815e-03
 43   4.3000     0.883400    -0.032768     0.880124    -0.033908       0.880392 3.008569e-03
 44   4.4000     0.880124    -0.033908     0.876733    -0.034918       0.877378 2.745832e-03
 45   4.5000     0.876733    -0.034918     0.873241    -0.035810       0.874233 2.499699e-03
 46   4.6000     0.873241    -0.035810     0.869660    -0.036595       0.870972 2.269284e-03
 47   4.7000     0.869660    -0.036595     0.866000    -0.037284       0.867606 2.053723e-03
 48   4.8000     0.866000    -0.037284     0.862272    -0.037886       0.864148 1.852179e-03
 49   4.9000     0.862272    -0.037886     0.858483    -0.038408       0.860608 1.663843e-03
 50   5.0000     0.858483    -0.038408     0.854643    -0.038860       0.856996 1.487936e-03
 51   5.1000     0.854643    -0.038860     0.850757    -0.039247       0.853319 1.323713e-03
 52   5.2000     0.850757    -0.039247     0.846832    -0.039576       0.849586 1.170459e-03
 53   5.3000     0.846832    -0.039576     0.842874    -0.039853       0.845804 1.027493e-03
 54   5.4000     0.842874    -0.039853     0.838889    -0.040082       0.841980 8.941665e-04
 55   5.5000     0.838889    -0.040082     0.834881    -0.040268       0.838119 7.698652e-04
 56   5.6000     0.834881    -0.040268     0.830854    -0.040416       0.834227 6.540053e-04
 57   5.7000     0.830854    -0.040416     0.826812    -0.040528       0.830308 5.460351e-04
 58   5.8000     0.826812    -0.040528     0.822760    -0.040610       0.826367 4.454333e-04
 59   5.9000     0.822760    -0.040610     0.818699    -0.040662       0.822408 3.517085e-04
 60   6.0000     0.818699    -0.040662     0.814632    -0.040690       0.818434 2.643979e-04
 61   6.1000     0.814632    -0.040690     0.810563    -0.040694       0.814449 1.830661e-04
 62   6.2000     0.810563    -0.040694     0.806494    -0.040677       0.810456 1.073042e-04
 63   6.3000     0.806494    -0.040677     0.802426    -0.040642       0.806457 3.672853e-05
 64   6.4000     0.802426    -0.040642     0.798362    -0.040590       0.802455 -2.902055e-05
 65   6.5000     0.798362    -0.040590     0.794303    -0.040523       0.798452 -9.027980e-05
 66   6.6000     0.794303    -0.040523     0.790251    -0.040442       0.794450 -1.473642e-04
 67   6.7000     0.790251    -0.040442     0.786207    -0.040349       0.790451 -2.005683e-04
 68   6.8000     0.786207    -0.040349     0.782172    -0.040245       0.786457 -2.501671e-04
 69   6.9000     0.782172    -0.040245     0.778147    -0.040132       0.782468 -2.964171e-04
 70   7.0000     0.778147    -0.040132     0.774134    -0.040009       0.778487 -3.395577e-04
 71   7.1000     0.774134    -0.040009     0.770133    -0.039879       0.774514 -3.798119e-04
 72   7.2000     0.770133    -0.039879     0.766145    -0.039742       0.770550 -4.173874e-04
 73   7.3000     0.766145    -0.039742     0.762171    -0.039598       0.766598 -4.524775e-04
 74   7.4000     0.762171    -0.039598     0.758211    -0.039449       0.762656 -4.852619e-04
 75   7.5000     0.758211    -0.039449     0.754266    -0.039295       0.758727 -5.159077e-04
 76   7.6000     0.754266    -0.039295     0.750337    -0.039137       0.754811 -5.445704e-04
 77   7.7000     0.750337    -0.039137     0.746423    -0.038975       0.750908 -5.713940e-04
 78   7.8000     0.746423    -0.038975     0.742525    -0.038810       0.747020 -5.965125e-04
 79   7.9000     0.742525    -0.038810     0.738645    -0.038641       0.743146 -6.200500e-04
 80   8.0000     0.738645    -0.038641     0.734780    -0.038470       0.739287 -6.421217e-04
 81   8.1000     0.734780    -0.038470     0.730933    -0.038297       0.735443 -6.628344e-04
 82   8.2000     0.730933    -0.038297     0.727104    -0.038122       0.731616 -6.822871e-04
 83   8.3000     0.727104    -0.038122     0.723291    -0.037946       0.727804 -7.005713e-04
 84   8.4000     0.723291    -0.037946     0.719497    -0.037767       0.724009 -7.177721e-04
 85   8.5000     0.719497    -0.037767     0.715720    -0.037588       0.720231 -7.339680e-04
 86   8.6000     0.715720    -0.037588     0.711961    -0.037408       0.716469 -7.492316e-04
 87   8.7000     0.711961    -0.037408     0.708220    -0.037227       0.712725 -7.636303e-04
 88   8.8000     0.708220    -0.037227     0.704498    -0.037045       0.708998 -7.772263e-04
 89   8.9000     0.704498    -0.037045     0.700793    -0.036863       0.705288 -7.900772e-04
 90   9.0000     0.700793    -0.036863     0.697107    -0.036681       0.701595 -8.022360e-04
 91   9.1000     0.697107    -0.036681     0.693439    -0.036498       0.697921 -8.137520e-04
 92   9.2000     0.693439    -0.036498     0.689789    -0.036316       0.694263 -8.246706e-04
 93   9.3000     0.689789    -0.036316     0.686157    -0.036133       0.690624 -8.350337e-04
 94   9.4000     0.686157    -0.036133     0.682544    -0.035951       0.687002 -8.448802e-04
 95   9.5000     0.682544    -0.035951     0.678949    -0.035768       0.683398 -8.542457e-04
 96   9.6000     0.678949    -0.035768     0.675372    -0.035586       0.679812 -8.631635e-04
 97   9.7000     0.675372    -0.035586     0.671814    -0.035404       0.676244 -8.716639e-04
 98   9.8000     0.671814    -0.035404     0.668273    -0.035223       0.672693 -8.797751e-04
 99   9.9000     0.668273    -0.035223     0.664751    -0.035042       0.669161 -8.875233e-04
