  n        t          u^n          v^n      u^(n+1)      v^(n+1)           y(t)        error
  0   0.0000     0.010000     1.000000     0.058749     0.951163       0.010000 -8.673617e-18
  1   0.0500     0.058749     0.951163     0.105115     0.904591       0.058769 -1.941021e-05
  2   0.1000     0.105115     0.904591     0.149207     0.860180       0.105152 -3.701687e-05
  3   0.1500     0.149207     0.860180     0.191132     0.817828       0.149260 -5.294530e-05
  4   0.2000     0.191132     0.817828     0.230989     0.777442       0.191199 -6.731308e-05
  5   0.2500     0.230989     0.777442     0.268875     0.738930       0.231069 -8.023052e-05
  6   0.3000     0.268875     0.738930     0.304881     0.702206       0.268966 -9.180104e-05
  7   0.3500     0.304881     0.702206     0.339094     0.667186       0.304983 -1.021216e-04
  8   0.4000     0.339094     0.667186     0.371598     0.633793       0.339205 -1.112832e-04
  9   0.4500     0.371598     0.633793     0.402473     0.601950       0.371718 -1.193708e-04
