  n        t          u^n          v^n      u^(n+1)      v^(n+1)           y(t)        error
  0   0.0000     0.010000     1.000000     0.035000     0.850000       0.010000 0.000000e+00
  1   0.0250     0.035000     0.850000     0.056250     0.656250       0.032958 2.041579e-03
  2   0.0500     0.056250     0.656250     0.072656     0.433594       0.051293 4.957141e-03
  3   0.0750     0.072656     0.433594     0.083496     0.197754       0.064475 8.181182e-03
  4   0.1000     0.083496     0.197754     0.088440    -0.035706       0.072340 1.115609e-02
  5   0.1250     0.088440    -0.035706     0.087547    -0.252342       0.075053 1.338717e-02
  6   0.1500     0.087547    -0.252342     0.081239    -0.439668       0.073060 1.448707e-02
  7   0.1750     0.081239    -0.439668     0.070247    -0.587806       0.067032 1.420702e-02
  8   0.2000     0.070247    -0.587806     0.055552    -0.689948       0.057794 1.245322e-02
  9   0.2250     0.055552    -0.689948     0.038303    -0.742584       0.046264 9.288314e-03
 10   0.2500     0.038303    -0.742584     0.019739    -0.745519       0.033384 4.918955e-03
 11   0.2750     0.019739    -0.745519     0.001101    -0.701676       0.020067 -3.284877e-04
 12   0.3000     0.001101    -0.701676    -0.016441    -0.616718       0.007142 -6.041267e-03
 13   0.3250    -0.016441    -0.616718    -0.031859    -0.498525      -0.004682 -1.175930e-02
 14   0.3500    -0.031859    -0.498525    -0.044322    -0.356561      -0.014843 -1.701636e-02
 15   0.3750    -0.044322    -0.356561    -0.053236    -0.201185      -0.022942 -2.138005e-02
 16   0.4000    -0.053236    -0.201185    -0.058266    -0.042946      -0.028749 -2.448724e-02
 17   0.4250    -0.058266    -0.042946    -0.059340     0.108087      -0.032193 -2.607264e-02
 18   0.4500    -0.059340     0.108087    -0.056637     0.242925      -0.033351 -2.598835e-02
 19   0.4750    -0.056637     0.242925    -0.050564     0.354153      -0.032424 -2.421355e-02
