  n        t          u^n          v^n      u^(n+1)      v^(n+1)           y(t)        error
  0   0.0000     0.010000     1.000000     0.110000     0.443750       0.010000 -8.673617e-18
  1   0.1000     0.110000     0.443750     0.154375     0.130937       0.085862 2.413773e-02
  2   0.2000     0.154375     0.130937     0.167469    -0.037563       0.125525 2.885040e-02
  3   0.3000     0.167469    -0.037563     0.163712    -0.121571       0.142405 2.506424e-02
  4   0.4000     0.163712    -0.121571     0.151555    -0.157027       0.145333 1.837967e-02
  5   0.5000     0.151555    -0.157027     0.135853    -0.165384       0.140072 1.148365e-02
  6   0.6000     0.135853    -0.165384     0.119314    -0.159331       0.130337 5.515292e-03
  7   0.7000     0.119314    -0.159331     0.103381    -0.146270       0.118488 8.265221e-04
  8   0.8000     0.103381    -0.146270     0.088754    -0.130435       0.105984 -2.603188e-03
  9   0.9000     0.088754    -0.130435     0.075711    -0.114167       0.093702 -4.947658e-03
 10   1.0000     0.075711    -0.114167     0.064294    -0.098694       0.082134 -6.423404e-03
 11   1.1000     0.064294    -0.098694     0.054424    -0.084596       0.071532 -7.238011e-03
 12   1.2000     0.054424    -0.084596     0.045965    -0.072084       0.061994 -7.569526e-03
 13   1.3000     0.045965    -0.072084     0.038757    -0.061166       0.053526 -7.561356e-03
 14   1.4000     0.038757    -0.061166     0.032640    -0.051747       0.046081 -7.324316e-03
 15   1.5000     0.032640    -0.051747     0.027465    -0.043686       0.039581 -6.941430e-03
 16   1.6000     0.027465    -0.043686     0.023097    -0.036825       0.033939 -6.473317e-03
 17   1.7000     0.023097    -0.036825     0.019414    -0.031006       0.029060 -5.963182e-03
 18   1.8000     0.019414    -0.031006     0.016313    -0.026087       0.024855 -5.441046e-03
 19   1.9000     0.016313    -0.026087     0.013705    -0.021935       0.021241 -4.927142e-03
 20   2.0000     0.013705    -0.021935     0.011511    -0.018436       0.018139 -4.434562e-03
 21   2.1000     0.011511    -0.018436     0.009668    -0.015491       0.015483 -3.971268e-03
 22   2.2000     0.009668    -0.015491     0.008119    -0.013013       0.013209 -3.541598e-03
 23   2.3000     0.008119    -0.013013     0.006817    -0.010930       0.011266 -3.147371e-03
 24   2.4000     0.006817    -0.010930     0.005724    -0.009179       0.009606 -2.788697e-03
 25   2.5000     0.005724    -0.009179     0.004806    -0.007708       0.008189 -2.464561e-03
 26   2.6000     0.004806    -0.007708     0.004036    -0.006473       0.006980 -2.173240e-03
 27   2.7000     0.004036    -0.006473     0.003388    -0.005435       0.005948 -1.912598e-03
 28   2.8000     0.003388    -0.005435     0.002845    -0.004563       0.005069 -1.680289e-03
 29   2.9000     0.002845    -0.004563     0.002388    -0.003831       0.004319 -1.473902e-03
 30   3.0000     0.002388    -0.003831     0.002005    -0.003217       0.003679 -1.291055e-03
 31   3.1000     0.002005    -0.003217     0.001684    -0.002701       0.003135 -1.129455e-03
 32   3.2000     0.001684    -0.002701     0.001413    -0.002268       0.002671 -9.869359e-04
 33   3.3000     0.001413    -0.002268     0.001187    -0.001904       0.002275 -8.614818e-04
 34   3.4000     0.001187    -0.001904     0.000996    -0.001598       0.001938 -7.512354e-04
 35   3.5000     0.000996    -0.001598     0.000836    -0.001342       0.001651 -6.545004e-04
 36   3.6000     0.000836    -0.001342     0.000702    -0.001127       0.001406 -5.697379e-04
 37   3.7000     0.000702    -0.001127     0.000590    -0.000946       0.001198 -4.955596e-04
 38   3.8000     0.000590    -0.000946     0.000495    -0.000794       0.001020 -4.307187e-04
 39   3.9000     0.000495    -0.000794     0.000416    -0.000667       0.000869 -3.741003e-04
 40   4.0000     0.000416    -0.000667     0.000349    -0.000560       0.000740 -3.247105e-04
 41   4.1000     0.000349    -0.000560     0.000293    -0.000470       0.000631 -2.816660e-04
 42   4.2000     0.000293    -0.000470     0.000246    -0.000395       0.000537 -2.441838e-04
 43   4.3000     0.000246    -0.000395     0.000206    -0.000331       0.000458 -2.115712e-04
 44   4.4000     0.000206    -0.000331     0.000173    -0.000278       0.000390 -1.832170e-04
 45   4.5000     0.000173    -0.000278     0.000146    -0.000234       0.000332 -1.585827e-04
 46   4.6000     0.000146    -0.000234     0.000122    -0.000196       0.000283 -1.371946e-04
 47   4.7000     0.000122    -0.000196     0.000103    -0.000165       0.000241 -1.186367e-04
 48   4.8000     0.000103    -0.000165     0.000086    -0.000138       0.000205 -1.025440e-04
 49   4.9000     0.000086    -0.000138     0.000072    -0.000116       0.000175 -8.859718e-05
